   0.0000000e+00   1.0000000e+00   0.0000000e+00   0.0000000e+00   0.0000000e+00   0.0000000e+00
   0.0000000e+00   1.1404997e-01   0.0000000e+00  -4.4518034e-01   6.7389080e-02   5.7936065e-02
   0.0000000e+00   0.0000000e+00   0.0000000e+00   1.0000000e+00   0.0000000e+00   0.0000000e+00
   0.0000000e+00   2.9534377e+00   0.0000000e+00  -6.3586131e-01  -1.7264255e-02   1.0454904e+00
   0.0000000e+00   1.0000000e+00   0.0000000e+00   0.0000000e+00   0.0000000e+00   0.0000000e+00
   0.0000000e+00   2.0469205e-02   0.0000000e+00   1.7340405e-01  -2.8446832e-02  -4.7986193e-02
   0.0000000e+00   0.0000000e+00   0.0000000e+00   1.0000000e+00   0.0000000e+00   0.0000000e+00
   0.0000000e+00   1.5200341e+00   0.0000000e+00   1.2567894e+00   1.1660193e-01  -9.4249836e-01
   0.0000000e+00   1.0000000e+00   0.0000000e+00   0.0000000e+00   0.0000000e+00   0.0000000e+00
   0.0000000e+00  -5.6572432e-01   0.0000000e+00  -4.1394617e-01   1.7274815e-02   2.2710690e-01
   0.0000000e+00   0.0000000e+00   0.0000000e+00   1.0000000e+00   0.0000000e+00   0.0000000e+00
   0.0000000e+00  -3.5855981e-01   0.0000000e+00  -8.1676634e-01   5.8939128e-03  -2.9604274e-01
   0.0000000e+00   1.0000000e+00   0.0000000e+00   0.0000000e+00   0.0000000e+00   0.0000000e+00
   0.0000000e+00  -6.7639840e+00   0.0000000e+00  -7.0571182e-01  -2.2025069e-01   1.5622004e-01
   0.0000000e+00   0.0000000e+00   0.0000000e+00   1.0000000e+00   0.0000000e+00   0.0000000e+00
   0.0000000e+00  -2.6629945e+00   0.0000000e+00  -8.7106798e+00   1.7350931e-01  -9.8203720e-01
   0.0000000e+00   1.0000000e+00   0.0000000e+00   0.0000000e+00   0.0000000e+00   0.0000000e+00
   0.0000000e+00  -1.5213341e+00   0.0000000e+00   4.9369237e-01   3.1164542e-01  -1.8123848e-01
   0.0000000e+00   0.0000000e+00   0.0000000e+00   1.0000000e+00   0.0000000e+00   0.0000000e+00
   0.0000000e+00  -1.3911489e-01   0.0000000e+00   2.1364929e+00   1.6432202e-01  -5.4414043e-01
   0.0000000e+00   1.0000000e+00   0.0000000e+00   0.0000000e+00   0.0000000e+00   0.0000000e+00
   0.0000000e+00   5.6508366e+00   0.0000000e+00  -4.4284225e-03   1.8673317e-01   9.8534603e-03
   0.0000000e+00   0.0000000e+00   0.0000000e+00   1.0000000e+00   0.0000000e+00   0.0000000e+00
   0.0000000e+00   2.7922789e+00   0.0000000e+00   9.2394134e+00  -4.5148187e-01   2.1612402e+00
   0.0000000e+00   1.0000000e+00   0.0000000e+00   0.0000000e+00   0.0000000e+00   0.0000000e+00
   0.0000000e+00  -2.1368092e-01   0.0000000e+00   3.9054956e-01  -7.7758940e-02  -1.9636005e-01
   0.0000000e+00   0.0000000e+00   0.0000000e+00   1.0000000e+00   0.0000000e+00   0.0000000e+00
   0.0000000e+00  -1.7596461e+00   0.0000000e+00   8.4929197e-01  -6.3720196e-02  -5.8691940e-01
