   4.7038989e+00
   7.1936442e+00
   1.3039438e+00
  -1.2236975e+00
   4.0512604e+01
   1.2743237e+01
  -2.8045039e+00
   5.9441068e+00
  -2.2228202e-01
   1.2793881e+00
   7.2312610e+00
   2.4781320e+01
  -1.7304647e+00
  -5.8948784e-01
   1.6318760e+02
  -1.5642766e+01
  -3.3741355e+00
   3.7881112e+00
   1.6173209e+00
   3.9506764e+00
   2.6424627e+01
   3.0596893e+01
   2.9191719e+01
   2.0910408e+01
   3.7453292e+01
   3.4199150e+01
   2.3813009e+01
   3.8574010e+01
   2.8437322e+01
   2.2305460e+01
   3.7152750e+01
   5.1575327e+00
   1.0465589e+01
   7.8669851e-01
   8.1306607e-01
   1.0886558e+00
   5.2839032e-02
   1.1317538e+01
   1.1909126e+00
   1.8802730e-01
   6.5930480e+00
   4.0214664e+00
   8.4907654e-01
  -2.1244596e+00
   2.9388440e+00
   5.9986054e-01
  -2.0272439e+00
   4.6277008e+00
   1.4618621e+00
   1.5384792e+01
   3.0982544e+01
   5.4045220e+00
   6.8588221e-01
   9.2331912e-02
   3.3378038e+02
  -2.6850170e-01
   5.8937620e+00
   4.3961858e+00
   4.4889180e-01
   3.9756095e+00
   7.9595612e+00
   2.4501946e+00
  -7.2900854e-01
   8.3275239e-01
   1.5725364e+02
  -1.7652596e+01
  -4.6097630e+01
   4.2671146e+00
   6.3208889e+00
   1.8105462e+01
