0,0.540275,2.02405,0.381202,-0.703673,0.0971201,-0.0979623,-0.0887923,-1.61157,-0.117755
0,0.540302,1.93938,0.367538,-0.703681,0.0971726,-0.0980199,-0.0894401,-1.62612,-0.117613
0,0.540328,1.95651,0.37896,-0.703689,0.0918878,-0.103415,-0.0885083,-0.451141,-0.109716
0,0.540354,1.92274,0.328806,-0.703698,0.102219,-0.0931934,-0.0888478,-0.452637,-0.10933
0,0.540381,1.82108,0.351629,-0.703706,0.0973298,-0.0981929,-0.0888663,-1.24067,-0.113623
0,0.577843,1.82123,0.351647,-0.703714,0.0973823,-0.0982505,-0.0888848,-0.467,-0.108924
0,0.517607,1.82138,0.326578,-0.703723,0.0920975,-0.103645,-0.088274,-0.081241,-0.106657
0,0.54046,1.80456,0.363084,-0.703731,0.0970916,-0.109436,-0.0886135,-0.0825904,-0.10651
0,0.540487,1.83832,0.351699,-0.70091,0.0971438,-0.0782613,-0.0886319,0.460837,-0.077375
0,0.540513,1.88007,0.351716,-0.694373,0.107871,-0.0980863,-0.088021,0.781136,-0.0228162
0,0.540539,1.90452,0.37682,-0.686061,0.0927022,-0.114155,-0.0883604,0.722408,0.0305896
0,0.540565,1.99653,0.315262,-0.675973,0.087022,-0.0887132,-0.0883787,1.42632,0.086973
0,0.540592,2.08821,0.388259,-0.664111,0.107632,-0.0986547,-0.0883971,1.75161,0.141901
0,0.578055,2.19654,0.365471,-0.650473,0.097801,-0.109387,-0.0884154,2.07939,0.197049
0,0.517818,2.32152,0.365489,-0.63506,0.0925162,-0.0835492,-0.0884337,2.40967,0.252417
0,0.540671,2.42921,0.340421,-0.617873,0.102848,-0.10377,-0.0884521,2.36862,0.307502
0,0.540698,2.60446,0.351841,-0.598909,0.103296,-0.104223,-0.0884704,3.08075,0.364515
0,0.540724,2.77939,0.351859,-0.578171,0.0930691,-0.0940012,-0.0884887,3.41616,0.420268
0,0.54075,2.90311,0.351876,-0.555657,0.0980635,-0.0990007,-0.0878777,3.01155,0.475935
0,0.540777,3.11135,0.37698,-0.531369,0.098116,-0.0990583,-0.0882171,3.73583,0.534445
0,0.540803,3.2514,0.340509,-0.505304,0.0981685,-0.0991158,-0.0882353,3.3348,0.591016
0,0.540829,3.37418,0.326843,-0.477465,0.0928837,-0.0938361,-0.0882535,2.9367,0.649162
0,0.540855,3.61541,0.363349,-0.44785,0.103215,-0.104173,-0.0882718,4.05824,0.711163
0,0.540882,3.70362,0.326877,-0.443624,0.0929884,-0.104626,-0.0870314,3.15279,0.509514
0,0.540908,3.77455,0.338297,-0.364652,0.0979826,-0.0997414,-0.0870623,1.82667,1.08178
0,0.540934,3.91303,0.338314,-0.321189,0.103372,-0.094462,-0.0874014,2.19746,1.14783
0,0.540961,4.06816,0.288157,-0.330279,0.10382,-0.0941242,-0.0874194,3.09113,0.693897
0,0.540987,4.1042,0.260805,-0.273145,0.0882562,-0.109798,-0.0874374,1.59592,1.00528
0,0.541013,4.08901,0.183278,-0.232878,0.10353,-0.0946347,-0.0874554,0.333458,1.05903
0,0.54104,4.1244,0.153642,-0.190836,0.0986401,-0.0889596,-0.0874734,0.281243,1.12175
0,0.541066,4.15947,0.288206,-0.174182,0.0933553,-0.114912,-0.0874914,0.488483,0.921764
0,0.541092,4.12634,0.418212,-0.0827816,0.0930121,-0.0948071,-0.0875094,-0.932357,1.49925
0,0.541118,4.05894,0.488928,-0.0812188,0.114018,-0.0944693,-0.0875274,-1.32138,1.02881
0,0.541145,3.99121,0.571051,-0.0405962,0.0992449,-0.0994685,-0.0875454,-1.82046,1.0849
0,0.541171,3.97406,0.452485,0.0289662,0.0832858,-0.104863,-0.0869341,-1.73113,1.41398
0,0.541197,3.76991,0.374968,0.0816619,0.103501,-0.105316,-0.0879024,-3.94472,1.45303
0,0.541224,3.71815,0.244995,0.108969,0.109286,-0.0897573,-0.0875994,-2.91231,1.26169
0,0.54125,3.66605,0.249572,0.156694,0.0941172,-0.105036,-0.0876174,-2.56293,1.32783
0,0.541276,3.4609,0.183448,0.206194,0.0937744,-0.105489,-0.087006,-4.35053,1.37035
0,0.541303,3.35722,0.178898,0.230306,0.104106,-0.0952673,-0.087345,-3.74434,1.17353
0,0.541329,3.16836,0.2268,0.302,0.0992164,-0.100267,-0.087363,-4.93655,1.49013
0,0.541355,3.08098,0.365928,0.329663,0.0885943,-0.100324,-0.0873809,-3.90758,1.29837
0,0.541381,2.99325,0.397871,0.350579,0.109205,-0.100382,-0.0873988,-3.30139,1.10022
0,0.541408,2.82034,0.377363,0.364749,0.0993733,-0.100439,-0.0874167,-3.96228,0.887708
0,0.541434,2.64709,0.441238,0.399336,0.0940885,-0.0951597,-0.0874346,-4.45789,0.944002
0,0.54146,2.66015,0.381963,0.435699,0.10442,-0.105496,-0.0874525,-2.43325,1.026
0,0.541487,2.58804,0.242865,0.446672,0.0941932,-0.105949,-0.0874705,-2.24685,0.821486
0,0.541513,2.34591,0.160779,0.478064,0.0991873,-0.101065,-0.0874884,-4.41364,0.859821
0,0.541539,2.35796,0.128861,0.538394,0.0992395,-0.101123,-0.0875063,-2.66017,1.20535
0,0.541565,2.48846,0.249741,0.52753,0.0992917,-0.101181,-0.0875242,0.310732,0.763599
0,0.541592,2.3132,0.315889,0.501397,0.0993439,-0.0905641,-0.0875421,-1.75242,0.267415
0,0.541618,2.27336,0.42081,0.541488,0.104733,-0.105843,-0.0875601,-1.66269,0.592
0,0.541644,2.3859,0.452756,0.537547,0.105181,-0.106295,-0.087578,0.623056,0.40797
0,0.541671,2.48115,0.382078,0.526859,0.0896175,-0.101411,-0.0869666,1.66659,0.210198
0,0.541697,2.47426,0.343327,0.590917,0.0995536,-0.0907947,-0.0879348,0.248956,0.781887
0,0.541723,2.46705,0.366152,0.619467,0.104943,-0.116748,-0.0876317,-0.231349,0.835836
0,0.579186,2.51041,0.21565,0.676955,0.100054,-0.0913055,-0.0876496,-0.136925,1.16242
0,0.518949,2.70617,0.183735,0.690413,0.0894315,-0.101247,-0.0876675,2.15706,0.980481
0,0.541803,2.74889,0.204272,0.724289,0.110042,-0.101305,-0.0876854,1.26807,1.02972
0,0.541829,2.82523,0.265858,0.705611,0.10021,-0.101362,-0.087074,1.73065,0.562219
0,0.541855,3.00307,0.293237,0.6445,0.100263,-0.10142,-0.0880422,3.71007,-0.15613
0,0.541882,3.23149,0.370791,0.668254,0.0949782,-0.106815,-0.0871098,4.6649,0.173721
0,0.541908,3.37475,0.425541,0.620813,0.10531,-0.0965931,-0.0874487,4.72641,-0.301144
0,0.541934,3.50074,0.329775,0.612432,0.105757,-0.0962553,-0.0874665,4.26118,-0.254406
0,0.541961,3.64337,0.227165,0.632989,0.095531,-0.106592,-0.086855,3.95051,0.0596716
0,0.541987,3.71782,0.284194,0.636679,0.0951882,-0.107045,-0.0871939,3.06573,0.103718
0,0.542013,3.79195,0.234035,0.723637,0.10552,-0.0861488,-0.0872116,1.81807,0.944457
0,0.54204,3.84879,0.256853,0.783608,0.111305,-0.101032,-0.0872294,1.09004,1.26595
0,0.542066,3.88834,0.307039,0.799548,0.0907994,-0.111763,-0.0866178,0.879663,1.06067
0,0.542092,4.08029,0.359507,0.86307,0.0900612,-0.101937,-0.0869566,2.18389,1.40019
0,0.542118,4.00041,0.375487,0.855397,0.116009,-0.096657,-0.0869743,0.224387,0.912864
0,0.542145,3.98809,0.302525,0.968277,0.106573,-0.0963189,-0.0869919,-0.993516,1.78607
0,0.542171,4.06029,0.149741,1.02701,0.0856724,-0.106655,-0.0870096,-0.267646,1.86163
0,0.542197,3.99641,0.204486,1.06035,0.105888,-0.107108,-0.086398,-1.23981,1.66128
0,0.542224,3.94917,0.240986,1.14127,0.106336,-0.096886,-0.0873659,-1.92621,2.0163
0,0.54225,3.85069,0.279767,1.15099,0.0907719,-0.101885,-0.0870625,-2.23488,1.54619
0,0.542276,3.98945,0.28206,1.09112,0.111383,-0.0912679,-0.0870802,0.965267,0.500113
0,0.542303,3.89031,0.320844,1.05327,0.101552,-0.111883,-0.0870979,-0.113363,-0.00776824
0,0.542329,3.96053,0.298052,1.02731,0.0909297,-0.102056,-0.0864862,1.20243,-0.22609
0,0.542355,4.01346,0.298067,0.940275,0.106203,-0.0967763,-0.0868249,2.25827,-1.01527
0,0.542381,3.91334,0.272995,0.883776,0.106651,-0.107112,-0.0874718,0.93416,-1.27607
0,0.542408,3.94865,0.234238,0.847694,0.0857499,-0.107565,-0.0871684,1.6153,-1.22835
0,0.542434,3.94969,0.23197,0.813386,0.111302,-0.102681,-0.0871861,1.5545,-1.18322
0,0.54246,3.81465,0.293558,0.753689,0.101471,-0.102738,-0.0872037,0.244023,-1.46091
0,0.542487,3.81502,0.346025,0.768737,0.0961861,-0.0974585,-0.0865921,0.45056,-0.81034
0,0.542513,3.74719,0.336918,0.748275,0.106518,-0.107795,-0.0869308,0.0270365,-0.760779
0,0.542539,3.59419,0.300445,0.729589,0.101628,-0.102911,-0.0869484,-1.11614,-0.717889
0,0.542565,3.55963,0.311863,0.767005,0.107018,-0.0869563,-0.0869659,-0.905369,-0.0362046
0,0.542592,3.38898,0.311878,0.796076,0.0967914,-0.117851,-0.0869835,-2.24635,0.339867
0,0.542618,3.13315,0.286807,0.753952,0.107123,-0.097745,-0.0870011,-3.26466,-0.226706
0,0.542644,3.2503,0.222965,0.83238,0.102234,-0.0920696,-0.0870187,-0.830561,0.792091
0,0.542671,3.0447,0.282273,0.775164,0.0916123,-0.123359,-0.0870363,-1.98072,-0.0884237
0,0.542697,2.99148,0.321056,0.77565,0.106886,-0.0983121,-0.0870539,-1.3442,-0.0218486
0,0.542723,2.97187,0.373525,0.77791,0.101996,-0.0926371,-0.0870715,-0.707365,0.0450817
0,0.54275,2.88405,0.464766,0.673288,0.107386,-0.107915,-0.0870891,-0.255734,-1.1735
0,0.542776,3.01648,0.457944,0.726503,0.0918223,-0.113705,-0.0871067,1.14035,-0.142769
0,0.542802,2.91103,0.460247,0.671237,0.107096,-0.0985418,-0.0871243,0.124502,-0.72037
0,0.542828,2.83919,0.323433,0.627866,0.112881,-0.0928667,-0.0871418,-0.0700868,-0.987667
0,0.542855,2.98761,0.280121,0.686405,0.0923755,-0.113482,-0.0871594,1.32404,0.0477215
0,0.542881,2.96601,0.250489,0.609299,0.0969746,-0.108993,-0.087177,1.22564,-0.84893
0,0.542907,3.01197,0.309798,0.644224,0.107306,-0.0880971,-0.0871946,1.09624,-0.143233
0,0.542934,3.1085,0.398757,0.58931,0.107754,-0.108317,-0.0872122,2.17158,-0.716899
0,0.54296,3.17078,0.428422,0.60062,0.0921901,-0.114107,-0.0872298,1.9142,-0.333046
0,0.542986,3.1988,0.469493,0.649391,0.102126,-0.0936065,-0.0872474,1.0928,0.369427
0,0.543013,3.2774,0.460392,0.635489,0.112853,-0.103548,-0.0866357,1.60123,0.118283
0,0.580475,3.40658,0.398838,0.696332,0.0976846,-0.108942,-0.0869743,1.80459,0.815852
0,0.520239,3.26394,0.220972,0.721666,0.0973418,-0.0987205,-0.0869918,-0.612999,0.885945
0,0.543092,3.47732,0.262039,0.748776,0.107673,-0.109057,-0.0870093,1.68397,0.949654
0,0.543118,3.5716,0.259772,0.777661,0.102784,-0.104173,-0.0870268,1.63895,1.01547
0,0.543145,3.5298,0.321361,0.753992,0.097499,-0.0988928,-0.0870443,0.686509,0.457885
0,0.543171,3.72525,0.398916,0.796548,0.10783,-0.0985547,-0.0870618,2.08937,0.836606
0,0.543197,3.80159,0.453668,0.795072,0.102941,-0.124903,-0.0870793,1.93104,0.590782
0,0.58066,3.7249,0.357903,0.814014,0.102993,-0.0945186,-0.0870968,0.227871,0.65855
0,0.520424,3.90241,0.280382,0.889059,0.113721,-0.0831109,-0.0871143,1.37718,1.34029
0,0.543277,3.89295,0.32601,0.874267,0.0932152,-0.124284,-0.0865025,0.781668,0.787316
0,0.543303,3.90013,0.225679,0.925699,0.103152,-0.104574,-0.086841,0.18237,1.15571
0,0.54333,3.99183,0.246218,0.878772,0.103204,-0.0939569,-0.0874877,1.43386,0.300641
0,0.543356,4.11714,0.257633,0.889546,0.108594,-0.109235,-0.0865549,2.04145,0.36564
0,0.543382,4.03851,0.307819,0.87493,0.0930302,-0.10435,-0.0868934,0.60192,0.124907
0,0.543408,4.14621,0.285027,0.826404,0.108304,-0.0990703,-0.0869108,1.94881,-0.443933
0,0.543435,4.16874,0.285041,0.871265,0.114089,-0.104069,-0.0869282,1.15511,0.251603
0,0.543461,4.1061,0.234881,0.880617,0.0935834,-0.104126,-0.0869456,0.146684,0.317858
0,0.543487,4.12798,0.207527,0.864579,0.0981825,-0.10952,-0.0869631,0.626361,0.0727943
0,0.543514,4.13256,0.205257,0.841795,0.108514,-0.0992983,-0.0869805,0.789965,-0.174218
0,0.54354,4.035,0.241757,0.866592,0.108962,-0.0989599,-0.0869979,-0.4149,0.204313
0,0.543566,4.08983,0.255451,0.820193,0.0987353,-0.11997,-0.0870153,0.894236,-0.358375
0,0.543593,3.99161,0.269147,0.812854,0.109067,-0.0891902,-0.0870328,-0.108711,-0.293846
0,0.543619,3.91003,0.232669,0.807289,0.104178,-0.114747,-0.0870502,-0.479988,-0.228644
0,0.543645,3.81115,0.218997,0.749171,0.0988935,-0.110258,-0.0870676,-0.485644,-0.823503
0,0.543671,3.86465,0.230411,0.730112,0.114563,-0.0840243,-0.0870851,0.731177,-0.778794
0,0.543698,3.78207,0.305682,0.739992,0.104732,-0.114523,-0.0871025,-0.15908,-0.377487
0,0.543724,3.66522,0.271486,0.597184,0.0780984,-0.120708,-0.0871199,-0.0850649,-2.13808
0,0.54375,3.54804,0.2715,0.658017,0.124209,-0.0845908,-0.0871373,-1.14727,-0.625944
0,0.543777,3.3969,0.271513,0.697556,0.109831,-0.109752,-0.0871548,-1.96271,0.11013
0,0.543803,3.30532,0.346786,0.562049,0.0889305,-0.110205,-0.0871722,-0.850529,-1.65996
0,0.543829,3.23069,0.362765,0.655572,0.109146,-0.0893082,-0.0871896,-1.34667,0.103789
0,0.543856,2.83364,0.314889,0.574393,0.114931,-0.12554,-0.087207,-3.79913,-0.924043
0,0.543882,2.79292,0.301222,0.494811,0.0944256,-0.0951547,-0.0865951,-1.64377,-1.70541
0,0.543908,2.82007,0.262467,0.561169,0.0990247,-0.110433,-0.0875629,-0.589695,-0.245015
0,0.543934,2.35511,0.285287,0.444303,0.109356,-0.110885,-0.0866299,-4.06866,-1.72689
0,0.543961,2.36525,0.285301,0.429168,0.104467,-0.0953264,-0.0875976,-1.54963,-1.36471
0,0.543987,2.37538,0.285315,0.395391,0.109857,-0.110605,-0.0866647,-0.189554,-1.35714
0,0.544013,2.04614,0.285328,0.252956,0.0889555,-0.111057,-0.0870031,-2.6341,-3.06837
0,0.54404,2.12412,0.285342,0.32091,0.114508,-0.0954982,-0.0870204,-0.42767,-1.0377
0,0.544066,1.96454,0.260269,0.214161,0.115351,-0.116114,-0.0870378,-1.05747,-2.20757
0,0.544092,1.85585,0.296772,0.163338,0.0895083,-0.10095,-0.0870551,-1.11142,-2.24485
0,0.544118,1.98472,0.285383,0.22117,0.104386,-0.105949,-0.0870725,0.775519,-0.653666
0,0.544145,1.85906,0.285397,0.0957774,0.115113,-0.106006,-0.0870898,0.0390968,-2.15378
0,0.544171,1.80126,0.235238,0.126445,0.105282,-0.106064,-0.0871072,-0.405379,-1.02258
0,0.544197,1.94709,0.258056,0.101186,0.0946603,-0.106121,-0.0871245,1.61947,-0.988704
0,0.544224,1.99111,0.308242,0.103091,0.104596,-0.106178,-0.0871418,1.44363,-0.628663
0,0.54425,2.00119,0.260363,0.113518,0.115323,-0.106235,-0.0871592,0.933689,-0.289113
0,0.544276,2.09612,0.196519,0.0781386,0.100155,-0.100955,-0.0871765,1.7673,-0.608174
0,0.544303,2.15712,0.205652,0.142894,0.105149,-0.105954,-0.0865646,1.13245,0.324515
0,0.544329,2.25206,0.217066,0.151723,0.105202,-0.116686,-0.0869029,1.41269,0.313219
0,0.544355,2.2961,0.242163,0.106223,0.099917,-0.101522,-0.0875495,1.56298,-0.272547
0,0.544381,2.56075,0.255857,0.288157,0.115586,-0.0958467,-0.0866164,1.62509,1.62552
0,0.544408,2.41815,0.294639,0.23094,0.100417,-0.121799,-0.0869548,-0.00185038,0.569205
0,0.544434,2.6319,0.271846,0.302621,0.105412,-0.0963562,-0.086972,1.19531,1.06733
0,0.54446,2.94748,0.271859,0.445674,0.116139,-0.106297,-0.0869893,1.8246,2.02526
0,0.544487,2.78794,0.296959,0.378338,0.0902962,-0.122366,-0.0870066,0.0430141,0.804916
0,0.544513,3.01869,0.260483,0.431378,0.115849,-0.0755741,-0.0870238,1.46012,1.04808
0,0.544539,3.35127,0.296986,0.49294,0.106018,-0.115956,-0.0870411,2.92372,1.30197
0,0.544566,3.31055,0.26051,0.40004,0.095396,-0.127478,-0.0870583,1.96897,0.0515642
0,0.544592,3.57528,0.221753,0.481843,0.110669,-0.0810819,-0.0870756,2.6966,0.836494
0,0.544618,3.55156,0.244571,0.507719,0.121792,-0.111185,-0.0870929,1.00329,0.842669
0,0.544644,3.66359,0.269669,0.479268,0.0963448,-0.116975,-0.0871101,1.78563,0.326531
0,0.544671,3.99623,0.308452,0.542429,0.100944,-0.101811,-0.0871274,3.31151,0.840671
0,0.544697,3.9386,0.43618,0.432485,0.100601,-0.101472,-0.0871446,2.26027,-0.488969
0,0.544723,4.01673,0.36778,0.524409,0.126945,-0.106471,-0.0871619,1.35228,0.611111
0,0.54475,4.26456,0.292538,0.541764,0.0965558,-0.117202,-0.0871792,2.77677,0.596309
0,0.544776,4.18999,0.27659,0.504791,0.101155,-0.0913634,-0.0865671,1.26928,0.0763634
0,0.544802,4.16633,0.299411,0.640924,0.116824,-0.106246,-0.0869054,-0.505961,1.34937
0,0.544828,4.0748,0.324512,0.629518,0.0963189,-0.116976,-0.0869226,-0.856698,0.843956
0,0.544855,4.20386,0.313124,0.628232,0.106255,-0.0964748,-0.087569,0.754542,0.589741
0,0.544881,4.14627,0.388399,0.672752,0.12232,-0.101078,-0.0872652,-0.31254,0.843893
0,0.544907,4.03777,0.354208,0.617139,0.0968727,-0.127425,-0.0872825,-0.429165,0.107555
0,0.544934,4.01411,0.329139,0.67178,0.101472,-0.0917024,-0.0866704,-0.629207,0.617218
0,0.54496,3.9056,0.315472,0.689137,0.106467,-0.117259,-0.0870087,-1.19306,0.620449
0,0.544986,3.89889,0.301804,0.652166,0.106519,-0.107432,-0.0870259,-0.18492,0.109978
0,0.545013,3.68856,0.212876,0.652479,0.111909,-0.0914772,-0.087043,-1.63622,0.118437
0,0.545039,3.66487,0.283587,0.571299,0.101682,-0.122371,-0.0870602,-0.208061,-0.751951
0,0.545065,3.75996,0.272197,0.627538,0.106677,-0.107602,-0.0870774,0.639364,0.101684
0,0.545091,3.63446,0.27221,0.519194,0.112067,-0.102322,-0.0870946,0.228822,-1.09776
0,0.545118,3.33926,0.196964,0.539746,0.107178,-0.10732,-0.0871118,-2.36867,-0.509151
0,0.545144,3.36645,0.206097,0.550178,0.101893,-0.112714,-0.0871289,-0.707361,-0.198215
0,0.54517,3.29182,0.192423,0.433311,0.106888,-0.0971545,-0.0871461,-0.0230688,-1.48183
0,0.545197,3.18325,0.254009,0.445341,0.117615,-0.107095,-0.0871633,-0.73357,-0.858677
0,0.545223,3.0577,0.206128,0.420086,0.0971093,-0.1285,-0.0871805,-1.0691,-0.863332
0,0.545249,2.94912,0.192454,0.367666,0.107046,-0.0874408,-0.0871977,-0.938595,-1.20687
0,0.545276,2.94233,0.25404,0.388217,0.117773,-0.107265,-0.0872148,-0.315877,-0.544265
0,0.545302,2.78282,0.256332,0.371483,0.0972674,-0.117996,-0.087232,-1.25906,-0.540294
0,0.582765,2.6742,0.16968,0.354749,0.101867,-0.102832,-0.0872492,-1.26525,-0.53641
0,0.522528,2.59952,0.203899,0.338014,0.117535,-0.10783,-0.0866371,-0.958538,-0.533064
0,0.545381,2.54179,0.228995,0.266951,0.107704,-0.107887,-0.0869752,-0.314386,-1.17624
0,0.545408,2.46709,0.192515,0.341829,0.10242,-0.113281,-0.0869923,-1.0539,0.0571628
0,0.545434,2.35845,0.153755,0.28781,0.102077,-0.113733,-0.0870094,-0.975429,-0.528079
0,0.54546,2.23282,0.151482,0.243911,0.123083,-0.0821617,-0.0870265,-1.14819,-0.849118
0,0.545487,2.22597,0.213066,0.354474,0.113648,-0.112264,-0.0870436,-1.19879,0.59855
0,0.545513,2.16821,0.240442,0.263171,0.0820725,-0.134065,-0.0870607,-0.3562,-0.506979
0,0.545539,2.14438,0.192559,0.327928,0.117509,-0.0880636,-0.0870778,-0.689454,0.323145
0,0.545566,2.10358,0.178885,0.391087,0.123689,-0.113225,-0.0870949,-1.15965,0.815347
0,0.545592,1.89309,0.190297,0.281142,0.0929049,-0.113677,-0.087112,-1.58321,-0.483673
0,0.545618,2.20861,0.165219,0.454556,0.107783,-0.0981173,-0.0864998,0.642372,1.2731
0,0.545644,2.03205,0.151543,0.415984,0.102498,-0.124069,-0.0855793,-0.941874,0.554444
0,0.545671,1.99124,0.137867,0.379009,0.107493,-0.109301,-0.085609,-0.481314,0.0673107
0,0.545697,2.22193,0.174363,0.51514,0.123557,-0.0826716,-0.0859468,0.602802,1.2499
0,0.545723,2.11325,0.137881,0.42224,0.0981094,-0.128786,-0.0859636,0.121104,0.0738553
0,0.54575,2.34394,0.0991172,0.449714,0.108046,-0.0984007,-0.0859803,1.92483,0.320046
0,0.545776,2.4898,0.0968417,0.431383,0.118773,-0.0976663,-0.0859971,2.47132,0.0711101
0,0.545802,2.51689,0.108249,0.431693,0.103605,-0.123618,-0.0860139,1.62605,0.0740262
0,0.545828,2.76458,0.0831668,0.486332,0.103262,-0.103511,-0.0860306,2.58412,0.569556
0,0.545855,2.85956,0.0694868,0.422194,0.113594,-0.103172,-0.0854181,2.7595,-0.184
0,0.545881,2.95456,0.131066,0.576968,0.114042,-0.113507,-0.0857559,0.996068,1.27562
0,0.545907,3.13441,0.108264,0.484068,0.0931415,-0.124634,-0.0857725,2.81543,0.0756176
0,0.545934,3.28034,0.0580955,0.538708,0.118694,-0.0885159,-0.0857892,2.34796,0.566655
0,0.54596,3.42628,0.0307311,0.637556,0.108863,-0.119014,-0.0858059,1.57272,1.25126
0,0.545986,3.47042,0.0786253,0.598986,0.092904,-0.114524,-0.0858226,1.50984,0.562308
0,0.546013,3.66728,0.0170511,0.752163,0.129131,-0.08829,-0.0858393,1.05183,1.67048
0,0.546039,3.60963,0.0900312,0.81213,0.104079,-0.124125,-0.085856,-0.629732,1.64902
0,0.546065,3.72167,0.0672274,0.81777,0.0983991,-0.109356,-0.0858727,0.462446,1.21839
0,0.546091,3.9016,0.0923162,0.915023,0.113672,-0.0934009,-0.08526,0.777724,1.64534
0,0.546118,3.89487,0.00565613,0.839171,0.119458,-0.118957,-0.0849684,0.989164,0.579614
0,0.58358,4.12572,-0.0103074,0.85653,0.10429,-0.103792,-0.0846767,2.43456,0.58933
0,0.523344,4.20386,0.0626713,0.87389,0.103947,-0.114127,-0.0850142,1.90054,0.601627
0,0.546197,4.04445,0.0900393,0.836921,0.119616,-0.109242,-0.0850306,0.0849451,0.136058
0,0.546224,4.36016,0.117409,0.973057,0.109785,-0.0986234,-0.0844178,1.76274,1.2996
0,0.54625,4.26863,0.0695197,0.880162,0.0938266,-0.124575,-0.0847552,0.998295,0.144378
0,0.546276,4.19407,0.0809256,0.853314,0.119379,-0.099131,-0.0847716,0.322321,-0.112421
0,0.546303,4.37405,0.131102,0.953764,0.130897,-0.0983963,-0.0847879,1.1951,0.877356
0,0.546329,4.24859,0.158473,0.843826,0.0898344,-0.129685,-0.0848043,0.545961,-0.37372
0,0.546355,4.22494,0.0854999,0.854261,0.109655,-0.0886243,-0.083562,0.306427,-0.122908
0,0.546381,4.23523,0.0832237,0.927548,0.115045,-0.124459,-0.083591,-0.0590099,0.64912
0,0.546408,4.05886,0.0946304,0.836251,0.104819,-0.115027,-0.0832989,-0.797822,-0.406038
0,0.546434,3.89945,0.094634,0.846686,0.115151,-0.0834553,-0.0830067,-1.74201,-0.158392
0,0.54646,3.9776,0.144811,0.865644,0.104925,-0.124232,-0.0827144,0.0351278,0.137855
0,0.546487,3.88605,0.12201,0.811631,0.104582,-0.114799,-0.0830514,-0.208884,-0.417758
0,0.546513,3.65875,0.0969285,0.767738,0.120252,-0.0885646,-0.0830672,-1.78094,-0.76039
0,0.546539,3.61809,0.108336,0.82398,0.110421,-0.129737,-0.0830831,-1.36224,0.111492
0,0.546566,3.52652,0.10834,0.715638,0.0997993,-0.110025,-0.083099,-0.607954,-1.05424
0,0.546592,3.33312,0.183605,0.709028,0.115073,-0.0940695,-0.0831148,-1.9077,-0.804502
0,0.546618,3.39425,0.224662,0.710941,0.120858,-0.119625,-0.0812428,0.000808336,-0.462008
0,0.546644,3.18387,0.140288,0.585554,0.0950161,-0.115135,-0.0822216,-1.09801,-1.78663
0,0.546671,3.05832,0.0627552,0.670555,0.120569,-0.0995744,-0.0809786,-1.9808,-0.219609
0,0.546697,3.0513,0.00802504,0.632256,0.100064,-0.120189,-0.0816362,-0.533051,-0.512267
0,0.546723,2.84991,0.028552,0.581785,0.11,-0.0996864,-0.0810223,-1.69386,-0.901028
0,0.54675,2.68277,0.0148691,0.602509,0.11539,-0.114963,-0.0813588,-2.36295,-0.369065
0,0.546776,2.49898,0.0513587,0.529845,0.110501,-0.120752,-0.0813742,-2.30937,-1.02753
0,0.546802,2.46822,0.140303,0.601347,0.110554,-0.0895754,-0.0813895,-1.62477,0.0953229
0,0.546829,2.16628,0.169955,0.569341,0.110606,-0.130748,-0.0807756,-3.3571,-0.250918
0,0.546855,2.03434,0.085578,0.554202,0.105322,-0.105699,-0.081112,-2.63018,-0.290126
0,0.546881,1.93664,0.133475,0.591617,0.115654,-0.0946856,-0.0804979,-2.31779,0.186215
0,0.546907,1.63564,0.0969905,0.535643,0.110765,-0.130916,-0.0808342,-3.44322,-0.38639
0,0.546934,1.65735,0.0833113,0.569507,0.10548,-0.105868,-0.0802201,-1.56896,0.0924696
0,0.54696,1.62848,0.094718,0.537148,0.115812,-0.105528,-0.0805563,-0.64121,-0.18943
0,0.546986,1.32843,0.0947216,0.494491,0.11626,-0.115864,-0.0805714,-2.47984,-0.50095
0,0.547013,1.35109,0.169985,0.468702,0.100697,-0.110978,-0.0805866,-0.617339,-0.543338
0,0.547039,1.34014,0.0856087,0.468301,0.11597,-0.105697,-0.0799724,-0.190435,-0.340912
0,0.547065,1.19376,0.108419,0.393154,0.111081,-0.12137,-0.0803085,-0.538644,-0.8904
0,0.547091,1.23436,0.13351,0.38068,0.105797,-0.106205,-0.0790649,0.427593,-0.693541
0,0.547118,1.17347,0.197372,0.374954,0.110791,-0.100529,-0.0784633,-0.0119271,-0.491986
0,0.547144,1.16381,0.23843,0.348809,0.110844,-0.121143,-0.0791202,0.325993,-0.535852
0,0.54717,1.20539,0.204231,0.32089,0.110896,-0.111315,-0.0785056,0.92118,-0.584019
0,0.547197,1.24729,0.20424,0.345523,0.121623,-0.100697,-0.078212,0.749958,-0.172768
0,0.547223,1.23861,0.20425,0.331097,0.106455,-0.126648,-0.0785476,0.555278,-0.212942
0,0.547249,1.28117,0.103913,0.314896,0.100775,-0.111879,-0.0785622,0.868849,-0.260617
0,0.547276,1.37497,0.0742713,0.378413,0.121386,-0.101261,-0.0779474,0.644666,0.322401
0,0.547302,1.33335,0.133571,0.384228,0.106218,-0.116538,-0.0776536,-0.0351725,0.289108
0,0.547328,1.3769,0.197434,0.388268,0.111212,-0.111653,-0.0773598,0.26807,0.241706
0,0.547354,1.50563,0.238492,0.417698,0.116602,-0.106372,-0.0776952,0.793402,0.388468
0,0.547381,1.5159,0.254465,0.426711,0.106375,-0.116707,-0.0777095,0.374683,0.355786
0,0.547407,1.62833,0.256757,0.433948,0.11137,-0.111821,-0.0777238,0.927677,0.306281
0,0.547433,1.77502,0.145019,0.466575,0.11676,-0.10654,-0.0771088,1.22295,0.457955
0,0.54746,1.78631,0.140467,0.50595,0.106533,-0.116876,-0.077444,0.295164,0.629633
0,0.547486,1.98458,0.188367,0.524907,0.10619,-0.106653,-0.0774583,1.35314,0.575532
0,0.547512,2.14926,0.252232,0.54209,0.127197,-0.106313,-0.0774725,1.69871,0.535837
0,0.547539,2.09368,0.318379,0.557498,0.101749,-0.121985,-0.0768574,0.286734,0.519193
0,0.547565,2.30993,0.322954,0.598295,0.111686,-0.112158,-0.0765633,1.33593,0.66158
0,0.547591,2.50956,0.275076,0.564347,0.117075,-0.106877,-0.0775277,2.48828,0.221984
0,0.547617,2.57378,0.161059,0.51158,0.112186,-0.111875,-0.0765915,2.35646,-0.209596
0,0.547644,2.75711,0.0675645,0.575815,0.106902,-0.117268,-0.0762973,2.16233,0.345712
0,0.54767,2.87292,-0.0145314,0.609512,0.117234,-0.107045,-0.0766324,1.73088,0.510268
0,0.547696,2.8024,0.0789749,0.622793,0.107007,-0.11738,-0.0766463,0.256208,0.485961
0,0.547723,2.93585,0.142834,0.715792,0.112002,-0.112495,-0.0766603,0.282075,1.03452
0,0.547749,3.01872,0.158803,0.778254,0.117391,-0.107214,-0.0766743,0.092694,1.19965
0,0.547775,3.03405,0.211262,0.820299,0.112502,-0.112212,-0.0760589,-0.351326,1.17038
0,0.547801,2.98183,0.151975,0.887734,0.112555,-0.112268,-0.0763939,-1.32819,1.33983
0,0.547828,2.98086,0.113212,0.907588,0.112608,-0.112324,-0.0764078,-1.00187,1.10719
0,0.547854,3.11596,0.0607636,0.862817,0.107323,-0.117717,-0.0764217,0.90247,0.469133
0,0.54788,3.18352,0.0949763,0.817869,0.122992,-0.102157,-0.0764356,1.52309,0.0330507
0,0.547907,3.35322,0.145153,0.754102,0.107824,-0.117433,-0.0764495,2.95765,-0.416389
0,0.547933,3.2348,0.222699,0.69868,0.112819,-0.112547,-0.0764634,1.42287,-0.650218
0,0.547959,3.33729,0.227268,0.687288,0.112872,-0.112603,-0.0764773,2.02317,-0.503167
0,0.547986,3.2874,0.104125,0.709808,0.118262,-0.107322,-0.0764912,0.755023,-0.139314
0,0.548012,3.28874,0.0744837,0.666104,0.102699,-0.122994,-0.076505,1.08297,-0.384335
0,0.548038,3.1886,-0.0167361,0.775087,0.117972,-0.107829,-0.0765189,-0.989271,0.579951
0,0.548064,3.03788,0.0653664,0.734757,0.113083,-0.112827,-0.0765328,-1.18112,0.149194
0,0.548091,2.97232,0.129225,0.702772,0.113136,-0.102209,-0.0765467,-0.604762,-0.0934205
0,0.548117,3.02586,0.145193,0.687654,0.113189,-0.122823,-0.0759313,0.490946,-0.147883
0,0.548143,2.8761,0.0973051,0.616432,0.113242,-0.112995,-0.0768955,0.0102067,-0.585138
0,0.54817,2.89635,0.133799,0.553555,0.113295,-0.113051,-0.0765883,1.12007,-0.84444
0,0.548196,2.83208,0.0973146,0.561873,0.118685,-0.107769,-0.0766022,0.364831,-0.49029
0,0.548222,2.68329,0.133809,0.476803,0.0977839,-0.128779,-0.0766161,0.130318,-0.936224
0,0.548249,2.61966,0.0973241,0.508734,0.123337,-0.103335,-0.07663,-0.352141,-0.38141
0,0.548275,2.47151,0.108731,0.537292,0.108168,-0.118612,-0.0760146,-1.38453,-0.0204054
0,0.548301,2.2558,0.108736,0.581119,0.113163,-0.113727,-0.0769788,-2.67824,0.343976
0,0.548327,2.19313,0.158914,0.531559,0.118552,-0.108446,-0.0766716,-1.31113,-0.104043
0,0.548354,2.18168,0.186287,0.490343,0.119001,-0.108106,-0.0766855,-0.198689,-0.35842
0,0.54838,2.05177,0.138401,0.493159,0.103437,-0.123778,-0.07607,-0.994563,-0.20271
0,0.548406,2.05792,0.124724,0.394064,0.118711,-0.108614,-0.0764049,0.678399,-0.870789
0,0.548433,2.0135,0.0859597,0.376285,0.119159,-0.108274,-0.0764187,0.454208,-0.720915
0,0.548459,1.9694,0.133857,0.365252,0.103596,-0.123946,-0.0764325,0.234728,-0.566458
0,0.548485,1.95956,0.147546,0.333802,0.118869,-0.108781,-0.0764464,0.579454,-0.618201
0,0.548511,1.89914,0.0608884,0.354905,0.11398,-0.113779,-0.0764602,-0.194772,-0.249089
0,0.548538,1.82207,0.120188,0.364113,0.103358,-0.12451,-0.076474,-0.713903,-0.0868883
0,0.548564,1.79624,0.0837025,0.407232,0.123969,-0.104008,-0.0764878,-0.874405,0.296373
0,0.54859,1.71982,0.120196,0.384127,0.114138,-0.113948,-0.0758723,-0.88663,0.035698
0,0.548617,1.66069,0.15897,0.432218,0.108854,-0.108667,-0.0768364,-1.35441,0.420967
0,0.548643,1.77158,0.13617,0.359758,0.119185,-0.119002,-0.0765291,1.05963,-0.253093
0,0.548669,1.86582,0.111089,0.314284,0.114296,-0.114116,-0.0759136,2.0445,-0.514309
0,0.548696,1.9604,0.0974109,0.312841,0.109012,-0.119509,-0.0768777,2.2147,-0.3394
0,0.548722,2.14015,-0.016615,0.263817,0.114006,-0.114623,-0.0759412,3.5791,-0.596779
0,0.548748,2.23541,-0.0348591,0.231659,0.119396,-0.109342,-0.076276,3.32784,-0.655489
0,0.548774,2.31403,0.124782,0.197726,0.114507,-0.11434,-0.0762897,3.06416,-0.714298
0,0.548801,2.40995,0.218289,0.162018,0.109222,-0.109059,-0.0763034,3.1423,-0.767114
0,0.548827,2.47228,0.250224,0.178863,0.124891,-0.124731,-0.0763171,2.38123,-0.37263
0,0.548853,2.48403,0.229708,0.238141,0.0990488,-0.120241,-0.0763309,1.02255,0.246433
0,0.54888,2.56399,0.143055,0.375538,0.108589,-0.0993436,-0.0763446,0.22597,1.35471
0,0.548906,2.5255,0.0518389,0.47228,0.129595,-0.119562,-0.0763583,-1.24163,1.75928
0,0.548932,2.50431,-0.0667482,0.557127,0.114822,-0.114676,-0.0757427,-1.77497,1.95143
0,0.548959,2.56829,-0.037101,0.621557,0.1042,-0.104058,-0.0760775,-1.00664,1.93792
0,0.548985,2.53079,0.0609628,0.657049,0.119474,-0.130009,-0.0760911,-1.41589,1.65463
0,0.549011,2.56149,0.252534,0.736573,0.114584,-0.115239,-0.0761047,-1.24392,1.86026
0,0.549037,2.64343,0.40078,0.768517,0.1093,-0.0992838,-0.0761184,-0.231199,1.60751
0,0.549064,2.7257,0.336937,0.790164,0.119631,-0.119502,-0.076132,0.427777,1.3424
0,0.54909,2.79133,0.238886,0.828679,0.114742,-0.114616,-0.0761457,0.491496,1.30076
0,0.549116,2.82336,0.0975014,0.783926,0.114794,-0.114672,-0.0761593,0.915345,0.549674
0,0.549143,2.9745,0.00172401,0.793325,0.114847,-0.114727,-0.076173,2.03887,0.525032
0,0.549169,3.04114,-0.0940585,0.74662,0.120236,-0.12012,-0.0761866,2.23138,0.00719162
0,0.549195,3.19295,-0.114586,0.626768,0.11001,-0.109897,-0.0762003,3.96234,-0.946572
0,0.549222,3.41298,0.0313675,0.606873,0.115004,-0.114895,-0.0762139,4.82008,-0.747823
0,0.549248,3.54851,0.23662,0.457903,0.10972,-0.120288,-0.0762275,5.51798,-1.71101
0,0.549274,3.59953,0.373461,0.436055,0.120051,-0.110064,-0.0762412,4.07798,-1.33406
0,0.5493,3.63393,0.384877,0.456639,0.120499,-0.109725,-0.0762548,2.73111,-0.724186
0,0.549327,3.60078,0.252618,0.501014,0.104935,-0.125397,-0.0762685,1.03099,-0.11504
0,0.549353,3.55099,0.0861473,0.542016,0.120209,-0.110231,-0.0762821,-0.0929533,0.280441
0,0.549379,3.43365,-0.12366,0.571124,0.115319,-0.115229,-0.0762958,-1.33812,0.44363
0,0.549406,3.29967,-0.162431,0.661306,0.115372,-0.115285,-0.0756801,-2.73147,1.08056
0,0.549432,3.13207,-0.0324427,0.666624,0.110087,-0.110003,-0.0760147,-3.16777,0.792297
0,0.549458,3.06659,0.2207,0.715974,0.120418,-0.120338,-0.0760283,-2.66159,0.99769
0,0.549484,2.9675,0.496657,0.717742,0.115529,-0.115451,-0.0760419,-2.37839,0.721522
0,0.549511,2.97054,0.514917,0.709213,0.115581,-0.115507,-0.0754261,-1.02554,0.465987
0,0.549537,2.85512,0.298281,0.690388,0.126308,-0.115563,-0.0757607,-1.43554,0.173649
0,0.549563,2.74002,-0.0209864,0.661265,0.11114,-0.110281,-0.0757742,-1.49448,-0.111268
0,0.54959,2.67615,-0.276408,0.621846,0.110798,-0.120616,-0.0751583,-0.847649,-0.380976
0,0.549616,2.56169,-0.358515,0.572128,0.12113,-0.121067,-0.0754928,-0.897331,-0.664715
0,0.549642,2.46452,-0.283269,0.512114,0.110903,-0.110843,-0.0755062,-0.596779,-0.940722
0,0.549669,2.43554,-0.0346985,0.468966,0.11056,-0.121178,-0.0748903,0.15583,-0.973758
0,0.549695,2.33901,0.188792,0.396878,0.120892,-0.110955,-0.075854,0.122921,-1.2535
0,0.549721,2.29371,0.36668,0.395985,0.116002,-0.105278,-0.074917,0.0313812,-0.846225
0,0.549747,2.19782,0.293711,0.410361,0.110717,-0.131229,-0.0752514,-0.74579,-0.453434
0,0.549774,2.08529,0.134081,0.412842,0.121049,-0.121796,-0.075894,-1.28199,-0.284013
0,0.5498,1.99004,-0.0597618,0.449234,0.121497,-0.100899,-0.0755863,-1.72865,0.117936
0,0.549826,1.86117,-0.24677,0.47373,0.100596,-0.131792,-0.0755997,-2.26906,0.291746
0,0.549853,1.85141,-0.210288,0.450646,0.120811,-0.111685,-0.0756131,-0.956232,0.0392006
0,0.549879,1.75712,-0.0643391,0.444429,0.126596,-0.106008,-0.0756265,-1.2288,-0.0112456
0,0.549905,1.68012,0.115821,0.409272,0.10609,-0.126622,-0.0750106,-0.919791,-0.278198
0,0.549932,1.53557,0.213887,0.445311,0.110689,-0.111457,-0.075345,-2.02691,0.10858
0,0.549958,1.45921,0.273188,0.442291,0.131694,-0.121792,-0.0753583,-1.64601,0.0686269
