5,0.00153398,-0.790068,-0.00155081,-0.516355,-0.0170003,0.0152607,0.378307,-8.30326e-06,0.00894372,-0.00313076,-0.0049221,-7.77617e-05,0.00145912,-0.00137151,-2.4729e-05,-0.42565,0.125445,0.0297524,1.80477e-05,-1.6201e-05,-3.64428e-05,0.10039,0.0189763
6,0.00153398,-0.790122,-0.00164204,-0.51627,-0.0170003,0.0152607,0.383033,-6.69617e-06,0.00589998,-0.00473013,-0.00190923,-6.2711e-05,0.00117671,0.11315,-8.38377e-05,-0.098351,0.118636,-0.0100656,5.54811e-05,-4.9804e-05,-0.0290755,0.0769659,0.00614166
7,0.0015705,-0.790285,-0.00173326,-0.515929,-0.0172375,0.0153398,0.3893,0.000879128,0.000812896,-0.0060239,0.00671589,-0.00579545,0.00286392,0.243036,-0.0375987,0.125711,0.14605,-0.0924682,0.0161075,-0.00542311,-0.0528243,0.0811474,-0.0298224
8,0.00153398,-0.790367,-0.00177887,-0.515503,-0.0170003,0.015577,0.389711,-0.000174485,-0.00131463,-0.00596129,0.0157231,0.00106418,0.00804754,0.205938,0.0225664,0.195636,0.148391,-0.144485,-0.0146865,-0.0165318,-0.0359267,0.117199,-0.0619481
9,0.00153398,-0.790394,-0.00173326,-0.515332,-0.0171584,0.0152607,0.390019,-0.000140714,-0.00171699,-0.00370406,0.0168032,-0.00296752,-0.00116152,0.173536,-0.000377711,0.264141,0.111975,-0.0947437,0.0108594,0.0196012,-0.0367374,0.0598546,-0.0603585
10,0.00153398,-0.790502,-0.00173326,-0.515247,-0.0171584,0.0154189,0.390533,-0.000113479,-0.00401264,-0.00298714,0.0156132,-0.00239316,0.00289009,0.15238,-0.000514034,0.483944,0.123464,-0.0721405,0.0010243,-0.0108845,-0.0391637,-0.0637405,-0.0530585
11,0.00153398,-0.790584,-0.00177887,-0.515418,-0.0171584,0.0154189,0.390944,-9.15152e-05,-0.00520646,-0.00351245,0.00846789,-0.00192997,0.00233072,0.132829,-0.000669663,0.634456,0.148649,0.0149372,0.00107577,-0.00104683,-0.0403548,-0.256413,-0.0225503
12,0.00153398,-0.790611,-0.00173326,-0.515503,-0.0172375,0.0153398,0.391252,-7.38026e-05,-0.0048555,-0.00172929,0.0047675,-0.00346911,-3.30663e-05,0.114576,-0.000844598,0.749614,0.11227,0.0205485,0.00646723,0.00424179,-0.0412737,-0.380319,-0.00497344
13,0.00153398,-0.790611,-0.00173326,-0.515503,-0.0173166,0.0152607,0.391458,-5.95182e-05,-0.00391573,-0.00139459,0.00384476,-0.00471133,-0.00194033,0.0973735,-0.00103884,0.880323,0.123796,0.0192619,0.00691976,0.00458637,-0.0419204,-0.461068,0.00201804
14,0.0015705,-0.790665,-0.00173326,-0.515332,-0.0171584,0.0154189,0.391869,0.000835386,-0.00447119,-0.00112467,0.00722307,2.55059e-05,0.00226018,0.0884673,-0.0386888,1.11143,0.123932,-0.016087,-0.00863663,-0.0110831,-0.0441827,-0.512591,-0.00934411
15,0.00153398,-0.790692,-0.00168765,-0.515503,-0.0172375,0.0153398,0.392074,-0.000209785,-0.00426255,0.000196345,0.00170214,-0.00189213,-8.99676e-05,0.0763153,0.0213411,1.29021,0.0989933,0.0961293,0.00664681,0.0040822,-0.0445804,-0.680711,0.014801
16,0.0015705,-0.790692,-0.00168765,-0.515332,-0.0171584,0.0152607,0.392383,0.000714747,-0.00343754,0.000158343,0.00549769,0.000387752,-0.00198622,0.0690044,-0.0391746,1.46758,0.110556,0.0267444,-0.00356719,0.00441952,-0.0462855,-0.71547,0.0032584
17,0.00153398,-0.790692,-0.00168765,-0.515418,-0.0172375,0.0153398,0.392691,-0.000307132,-0.00277221,0.000127696,0.00237203,-0.00160012,0.000311035,0.0631053,0.0208167,1.67748,0.110728,0.115045,0.00677969,-0.00591988,-0.0477055,-0.85325,0.0186655
18,0.00153398,-0.790692,-0.00168765,-0.515332,-0.0172375,0.0153398,0.392691,-0.000247687,-0.00223565,0.00010298,0.0039754,-0.00129042,0.000250834,0.0508913,-0.00230117,1.90293,0.110913,0.0947145,0.00190839,-0.00104081,-0.0472737,-0.931938,0.0153094
19,0.00153398,-0.790611,-0.00173326,-0.515418,-0.0171584,0.0152607,0.392896,-0.000199748,0.000167388,-0.00102034,0.00114441,0.000872122,-0.0017105,0.0460123,-0.00261128,2.04213,0.136197,0.167621,-0.00335557,0.00423119,-0.0490996,-1.04638,0.0316022
20,0.00153398,-0.790557,-0.00173326,-0.515332,-0.0172375,0.0153398,0.392999,-0.000161087,0.00144828,-0.000822853,0.00298405,-0.00120906,0.000532957,0.0395917,-0.00294071,2.28173,0.125005,0.150539,0.00699942,-0.00611549,-0.0496901,-1.11636,0.0280942
21,0.0015705,-0.790475,-0.0018701,-0.515418,-0.0172375,0.0153398,0.393205,0.000753757,0.00313862,-0.00397428,0.000344602,-0.000975052,0.000429804,0.0369005,-0.0407259,2.48597,0.200488,0.226694,0.00213623,-0.0012437,-0.0512668,-1.24461,0.0426807
22,0.0015705,-0.790367,-0.00196132,-0.515332,-0.0172375,0.0153398,0.39341,0.000607868,0.00515919,-0.00541262,0.00234019,-0.000786332,0.000346616,0.0347312,-0.0182676,2.68881,0.21669,0.212861,0.0022177,-0.0013163,-0.0525585,-1.30674,0.0394848
23,0.00153398,-0.790312,-0.00205254,-0.515332,-0.0172375,0.0153398,0.393513,-0.000393233,0.00547408,-0.00657161,0.00188725,-0.000634139,0.000279529,0.0304943,0.0187807,2.99205,0.244309,0.2651,0.00230189,-0.00139133,-0.0532569,-1.43244,0.0439776
24,0.0015705,-0.790177,-0.00209816,-0.515332,-0.0171584,0.0154189,0.393616,0.000566463,0.00769871,-0.00640315,0.00152198,0.00140152,0.00213835,0.0270778,-0.0418895,3.1751,0.246855,0.300322,-0.00294852,-0.00680611,-0.0543123,-1.5305,0.0505297
25,0.00153398,-0.790014,-0.00218938,-0.515332,-0.0172375,0.0153398,0.393718,-0.000427057,0.0101509,-0.0073715,0.0012274,-0.000783303,-0.000189086,0.0243234,0.0179473,3.39068,0.285904,0.337167,0.00742002,0.00339293,-0.0554037,-1.6257,0.0570411
26,0.00153398,-0.789851,-0.00228061,-0.515332,-0.0173166,0.0154189,0.393821,-0.0003444,0.0121266,-0.00815138,0.00098984,-0.00254436,0.00176017,0.0221009,-0.00532512,3.63878,0.313564,0.375638,0.00790771,-0.00696867,-0.0565311,-1.72905,0.0626954
27,0.0015705,-0.789742,-0.00237183,-0.515247,-0.0171584,0.0154189,0.393821,0.000605874,0.0124069,-0.0087807,0.00286003,0.00177407,0.00141949,0.0178233,-0.0432262,3.97032,0.341238,0.388568,-0.00761349,-0.00211183,-0.0570652,-1.83337,0.0580505
28,0.00153398,-0.789552,-0.00250867,-0.515247,-0.0170794,0.0153398,0.393924,-0.000395155,0.0146043,-0.0103923,0.00230648,0.003344,-0.000768549,0.0168598,0.0165526,4.18167,0.394013,0.448929,-0.00296944,0.00313793,-0.0585855,-1.94461,0.065642
29,0.00153398,-0.789308,-0.0026455,-0.515162,-0.0173166,0.0152607,0.394027,-0.000318673,0.0176884,-0.0116909,0.00392152,-0.0030413,-0.00253249,0.016082,-0.00677778,4.39162,0.435399,0.465108,0.0180843,0.00344361,-0.0598208,-2.01427,0.065803
30,0.00153398,-0.789036,-0.00273673,-0.515162,-0.0173957,0.0153398,0.394129,-0.000256994,0.0208328,-0.011635,0.00316251,-0.0043655,-0.000129491,0.0154549,-0.00730041,4.61713,0.451713,0.528717,0.00869927,-0.00692744,-0.0610921,-2.11577,0.0755192
31,0.00153398,-0.788792,-0.00259989,-0.515162,-0.0172375,0.0153398,0.394232,-0.000207254,0.0227136,-0.00607178,0.00255042,0.000306253,-0.000104428,0.0149499,-0.00784236,4.9091,0.354011,0.575309,-0.0068107,-0.00208007,-0.0623994,-2.23507,0.0828012
32,0.00153398,-0.788385,-0.00246305,-0.515077,-0.0172375,0.0153398,0.394335,-0.00016714,0.0281687,-0.00158656,0.00411827,0.000246979,-8.4216e-05,0.0145417,-0.00840364,4.99604,0.313335,0.596361,0.00318187,-0.00217709,-0.0637428,-2.26994,0.0860432
33,0.00153398,-0.787977,-0.00223499,-0.515077,-0.0173166,0.0152607,0.394335,-0.00013479,0.0325697,0.00423819,0.00332118,-0.00171386,-0.00198096,0.0117272,-0.00898424,5.20035,0.222495,0.664844,0.00863059,0.00306074,-0.0644929,-2.35099,0.097449
34,0.0015705,-0.787489,-0.00214377,-0.515077,-0.0172375,0.0153398,0.394438,0.000775221,0.0380933,0.00562567,0.00267837,0.0005315,0.000316103,0.011944,-0.0470206,5.3184,0.22973,0.716309,-0.0015342,-0.00732013,-0.0662293,-2.40966,0.109475
35,0.0015705,-0.786919,-0.00200693,-0.515077,-0.0172375,0.0153398,0.394438,0.000625179,0.0445158,0.00784772,0.00215998,0.000428629,0.000254921,0.00963226,-0.0248135,5.4011,0.177681,0.769399,0.00352463,-0.00248256,-0.0670514,-2.44848,0.122035
36,0.0015705,-0.786267,-0.00191571,-0.514991,-0.0172375,0.0153398,0.394438,0.000504176,0.0516557,0.00853462,0.00380257,0.000345668,0.000205582,0.00776796,-0.0254528,5.44844,0.162132,0.796949,0.00364425,-0.00258941,-0.0682306,-2.44279,0.126863
37,0.0015705,-0.785534,-0.00196132,-0.514991,-0.0172375,0.0153398,0.39454,0.000406594,0.0594001,0.00577879,0.00306659,0.000278765,0.000165792,0.00875125,-0.0261115,5.46042,0.21045,0.87193,0.00376661,-0.00269871,-0.0700751,-2.45352,0.142272
38,0.0015705,-0.784719,-0.00214377,-0.514821,-0.0172375,0.0153398,0.394438,0.000327898,0.0676039,0.000247389,0.00659559,0.00022481,0.000133703,0.00457234,-0.0267895,5.43704,0.299833,0.875565,0.00389172,-0.00281048,-0.070376,-2.39463,0.140994
39,0.0015705,-0.783878,-0.00237183,-0.514821,-0.0172375,0.0153398,0.39454,0.000264434,0.0748798,-0.00531752,0.00531902,0.000181299,0.000107825,0.00617288,-0.0274868,5.44616,0.380109,0.972437,0.00401957,-0.00292472,-0.0726136,-2.40681,0.158532
40,0.0015705,-0.782928,-0.00250867,-0.514651,-0.0172375,0.0153398,0.39454,0.000213253,0.0833831,-0.00759977,0.00841425,0.000146209,8.69557e-05,0.00497813,-0.0282034,5.35205,0.398824,0.97932,0.00415016,-0.00304142,-0.0736158,-2.33567,0.159598
41,0.0015705,-0.781923,-0.00246305,-0.514395,-0.0171584,0.0152607,0.394643,0.000171978,0.0915451,-0.00502547,0.0129703,0.00203068,-0.00184264,0.00650007,-0.0289394,5.27347,0.340014,0.997949,-0.00105379,0.00217672,-0.0756045,-2.24522,0.154803
42,0.00153398,-0.78081,-0.00232622,-0.514054,-0.0172375,0.0153398,0.394643,-0.000744861,0.100756,-0.000742525,0.0187064,-0.000275204,0.000426846,0.00524199,0.00774169,5.10861,0.276654,1.00968,0.00936124,-0.00822385,-0.0766789,-2.11755,0.147174
43,0.00153398,-0.779642,-0.00218938,-0.513628,-0.0173166,0.0152607,0.394643,-0.000600695,0.109509,0.00271288,0.0253984,-0.00213561,-0.00156944,0.00422741,-0.0158593,4.95929,0.236111,1.01451,0.00989545,0.00193129,-0.0781105,-1.97981,0.135689
44,0.0015705,-0.778502,-0.00200693,-0.513202,-0.0173166,0.0152607,0.394643,0.000399094,0.115898,0.00660136,0.0307904,-0.00172227,-0.00126568,0.0034092,-0.054089,4.89336,0.170491,1.03961,0.00509543,-0.00313693,-0.0795781,-1.89082,0.127255
45,0.00153398,-0.777253,-0.00191571,-0.51252,-0.0170794,0.0153398,0.394643,-0.000561519,0.123673,0.00753006,0.0413205,0.00434842,0.000891739,0.00274936,0.00536116,4.69025,0.166457,0.984841,-0.0107718,-0.00860297,-0.0810818,-1.71302,0.0994867
46,0.00153398,-0.775841,-0.00191571,-0.511838,-0.0172375,0.0153398,0.394643,-0.000452838,0.133906,0.00607263,0.0498238,-0.00032073,0.000719145,0.00221722,-0.0182979,4.36691,0.189802,0.987621,0.0148752,-0.00379256,-0.0826215,-1.52263,0.0843165
47,0.0015705,-0.774592,-0.00191571,-0.510986,-0.0173957,0.0151817,0.394643,0.000518243,0.138198,0.00489728,0.060794,-0.00408383,-0.00324522,0.00178808,-0.0565856,4.36452,0.190353,0.937698,0.0158158,0.00674803,-0.0841974,-1.38654,0.0515381
48,0.00153398,-0.773316,-0.00196132,-0.509878,-0.0171584,0.0154189,0.394643,-0.00046558,0.142318,0.00284604,0.0758274,0.0024449,0.0031212,0.001442,0.00280657,4.24192,0.216003,0.845189,-0.00992677,-0.0192837,-0.0858094,-1.20568,0.00207578
49,0.00153398,-0.771877,-0.00218938,-0.50877,-0.0171584,0.0154189,0.394643,-0.000375468,0.149594,-0.00322366,0.0879607,0.00197169,0.00251709,0.00116291,-0.0209105,3.94818,0.33061,0.81023,0.00505419,-0.0045971,-0.0874574,-1.01981,-0.0299843
50,0.0015705,-0.770466,-0.00237183,-0.507662,-0.0172375,0.0153398,0.394643,0.000580716,0.154792,-0.00701322,0.097736,-0.000322686,0.000117153,0.000937827,-0.0592562,3.80572,0.374534,0.776895,0.0105494,0.000598415,-0.0891417,-0.890347,-0.0543811
51,0.0015705,-0.769081,-0.00250867,-0.506469,-0.0171584,0.0154189,0.394746,0.00046832,0.158328,-0.00896599,0.107681,0.00165255,0.00200726,0.00324178,-0.0373585,3.69575,0.40479,0.718019,0.000431075,-0.00982479,-0.0914913,-0.779913,-0.0818467
52,0.0015705,-0.767669,-0.00241744,-0.505191,-0.0170794,0.0153398,0.394643,0.000377677,0.161862,-0.00502223,0.117786,0.0032469,-0.000295439,0.000127032,-0.0383073,3.5504,0.321031,0.652244,0.000199138,0.000307696,-0.0922975,-0.668713,-0.110164
53,0.0015705,-0.766284,-0.00209816,-0.503913,-0.0173166,0.0152607,0.394746,0.000304578,0.164015,0.00367017,0.125898,-0.00311738,-0.00215021,0.00258683,-0.0392754,3.47148,0.168865,0.606734,0.0213189,0.000554115,-0.0950405,-0.596516,-0.131642
54,0.0015705,-0.764818,-0.00182448,-0.502464,-0.0171584,0.0154189,0.394643,0.000245628,0.167741,0.00958094,0.136582,0.00131202,0.00209199,-0.000399616,-0.0402628,3.28932,0.0988072,0.50852,-0.00401197,-0.0152136,-0.095919,-0.47757,-0.16313
55,0.0015705,-0.763379,-0.00168765,-0.501186,-0.0171584,0.0154189,0.394643,0.000198087,0.170094,0.0110377,0.141079,0.00105808,0.00168709,-0.000322271,-0.0412696,3.20752,0.092615,0.503541,0.00604368,-0.0054839,-0.098105,-0.445533,-0.168806
56,0.0015705,-0.76194,-0.00173326,-0.500078,-0.0172375,0.0153398,0.394643,0.000159747,0.171983,0.00779793,0.140574,-0.00105954,-0.000552273,-0.000259896,-0.0422957,3.12428,0.152571,0.51723,0.0115555,-0.000303336,-0.100006,-0.472371,-0.15392
57,0.0015705,-0.76042,-0.00182448,-0.49897,-0.0172375,0.015498,0.394643,0.000128829,0.175476,0.00408182,0.140167,-0.000854471,0.00338029,-0.000209593,-0.0433412,2.95475,0.192014,0.495259,0.0067912,-0.0160788,-0.101943,-0.47786,-0.139469
58,0.0015705,-0.758873,-0.00205254,-0.498032,-0.0172375,0.0153398,0.394643,0.000103894,0.178965,-0.00222736,0.135724,-0.000689089,-0.00110106,-0.000169027,-0.044406,2.81773,0.295329,0.529239,0.00697162,0.00431764,-0.103917,-0.525663,-0.108287
59,0.0015705,-0.757406,-0.00223499,-0.49718,-0.0172375,0.0153398,0.394643,8.37855e-05,0.179787,-0.0062091,0.130067,-0.000555717,-0.000887955,-0.000136312,-0.0454902,2.81501,0.339363,0.554724,0.00715483,-0.00573019,-0.105927,-0.605205,-0.0765257
60,0.00153398,-0.755913,-0.00237183,-0.496328,-0.0172375,0.015498,0.394643,-0.000816063,0.181116,-0.00831791,0.125511,-0.000448159,0.00310994,-0.000109929,-0.00915727,2.74298,0.36973,0.56319,0.00734083,-0.0165712,-0.107973,-0.664858,-0.0505657
61,0.00153398,-0.754338,-0.00237183,-0.495646,-0.0171584,0.0154189,0.394643,-0.000658115,0.184166,-0.00670799,0.117716,0.00155195,0.00059465,-8.86525e-05,-0.0331065,2.60164,0.336254,0.627608,0.00219231,-0.00151959,-0.110055,-0.743739,-0.00866756
62,0.00153398,-0.752845,-0.00232622,-0.495135,-0.0171584,0.0154189,0.394643,-0.000530738,0.184642,-0.00430634,0.107301,0.00125157,0.000479557,-7.14939e-05,-0.034248,2.62855,0.311914,0.710696,0.00732553,-0.0066333,-0.112173,-0.866385,0.0408741
63,0.00153398,-0.751352,-0.00218938,-0.494453,-0.0173166,0.0154189,0.394643,-0.000428015,0.185032,-0.000162293,0.103027,-0.0028167,0.000386739,-5.76564e-05,-0.0354089,2.62009,0.248815,0.703794,0.0181942,-0.00680758,-0.114328,-0.921119,0.0608281
64,0.0015705,-0.749886,-0.00200693,-0.493942,-0.0173166,0.0152607,0.394643,0.000538681,0.184699,0.00428432,0.0954606,-0.00227153,-0.00351511,-4.64971e-05,-0.0740256,2.66111,0.183445,0.79013,0.0085078,0.00369025,-0.116519,-1.01951,0.0951604
65,0.00153398,-0.748447,-0.0018701,-0.49309,-0.0172375,0.0153398,0.394643,-0.000448912,0.183752,0.00676454,0.0975955,8.04866e-05,-0.000922399,-3.74976e-05,-0.0149623,2.73463,0.154575,0.732149,0.0033708,-0.0117096,-0.118746,-1.02112,0.0839335
66,0.00153398,-0.747008,-0.00182448,-0.492152,-0.0172375,0.0153398,0.394643,-0.000362026,0.183007,0.00655899,0.10139,6.49086e-05,-0.00074387,-3.024e-05,-0.0390084,2.80673,0.164486,0.723197,0.00851553,-0.00694917,-0.12101,-1.01319,0.0671076
67,0.00153398,-0.745732,-0.00196132,-0.49113,-0.0173166,0.0152607,0.394643,-0.000291956,0.178464,0.00197835,0.106512,-0.00186101,-0.00251326,-2.43871e-05,-0.0402467,3.09799,0.251948,0.707346,0.0140584,-0.00179589,-0.123309,-1.04117,0.0413735
68,0.00153398,-0.744347,-0.00209816,-0.489766,-0.0172375,0.015498,0.394643,-0.000235448,0.17741,-0.00171391,0.118874,0.0004115,0.00371013,-1.9667e-05,-0.0415044,3.16725,0.293814,0.603104,0.00398789,-0.022936,-0.125645,-0.972158,-0.011291
69,0.0015705,-0.74299,-0.00218938,-0.488573,-0.0172375,0.0153398,0.394643,0.000694196,0.175932,-0.00359033,0.124746,0.000331855,-0.000835903,-1.58605e-05,-0.0802178,3.35387,0.310607,0.629383,0.00914104,0.00237479,-0.128018,-0.993671,-0.032512
70,0.0015705,-0.741714,-0.00214377,-0.48755,-0.0172375,0.0153398,0.394643,0.000559835,0.172749,-0.00179207,0.125339,0.000267625,-0.000674115,-1.27907e-05,-0.0586878,3.64089,0.263558,0.67433,0.00935506,-0.00770069,-0.130426,-1.10405,-0.0316152
71,0.0015705,-0.740383,-0.00200693,-0.486272,-0.0172375,0.0153398,0.394643,0.00045148,0.171492,0.00186453,0.132,0.000215826,-0.000543641,-1.03151e-05,-0.0600043,3.82469,0.200556,0.602124,0.0095719,-0.0078948,-0.132871,-1.13555,-0.0561686
72,0.0015705,-0.739053,-0.00196132,-0.485249,-0.0173166,0.0152607,0.394643,0.000364097,0.170484,0.00260712,0.131192,-0.00173888,-0.00235135,-8.31864e-06,-0.0613402,4.05798,0.210544,0.668961,0.0151288,-0.00275413,-0.135353,-1.25543,-0.0463677
73,0.0015705,-0.737695,-0.0018701,-0.484312,-0.0173166,0.0152607,0.394643,0.000293626,0.170339,0.00431016,0.128486,-0.00140232,-0.00189625,-6.70858e-06,-0.0626954,4.27289,0.172651,0.70866,0.0104097,-0.00789493,-0.13787,-1.38909,-0.0281005
74,0.0015705,-0.736175,-0.0018701,-0.483289,-0.0173166,0.0152607,0.394643,0.000236796,0.174144,0.00347593,0.128352,-0.0011309,-0.00152923,-5.41014e-06,-0.06407,4.31671,0.196345,0.704176,0.0106353,-0.00809631,-0.140424,-1.44548,-0.0176952
75,0.00153398,-0.734845,-0.00191571,-0.482693,-0.0173166,0.0152607,0.39454,-0.000692584,0.172622,0.00169976,0.117941,-0.000912019,-0.00123325,-0.0024899,-0.0280275,4.71545,0.222332,0.85578,0.0108637,-0.00830023,-0.142385,-1.67398,0.0317025
76,0.00153398,-0.733243,-0.00196132,-0.482181,-0.0173166,0.0154189,0.39454,-0.000558535,0.177982,0.000266775,0.10749,-0.000735499,0.00283312,-0.00200798,-0.0522672,4.67159,0.23693,0.942962,0.011095,-0.0191813,-0.145333,-1.81949,0.0878522
77,0.00153398,-0.73156,-0.00205254,-0.48167,-0.0173166,0.0152607,0.39454,-0.000450432,0.184249,-0.00199135,0.0990533,-0.000593144,-0.00154031,-0.00161934,-0.0536991,4.71116,0.276628,1.01313,0.011329,0.00116759,-0.147996,-1.92088,0.134787
78,0.00153398,-0.729931,-0.00205254,-0.481414,-0.0172375,0.0151817,0.39454,-0.000363251,0.187996,-0.00160593,0.0860665,0.00143448,-0.00315501,-0.00130592,-0.0551504,4.88506,0.254763,1.16641,0.00622864,-0.00359053,-0.150696,-2.08024,0.199183
79,0.00153398,-0.728274,-0.00200693,-0.481073,-0.0172375,0.0153398,0.39454,-0.000292945,0.191687,-0.000191328,0.0776576,0.00115684,0.00128256,-0.00105316,-0.0566211,5.00663,0.23063,1.23822,0.01141,-0.0194208,-0.153431,-2.18371,0.241387
80,0.00153398,-0.726455,-0.00196132,-0.480477,-0.0173166,0.0152607,0.39454,-0.000236246,0.198592,0.000949126,0.0770585,-0.000979911,-0.000878525,-0.000849323,-0.0581112,4.9571,0.217912,1.24882,0.0169896,-0.00441657,-0.156204,-2.18399,0.251653
81,0.0015705,-0.724718,-0.0018701,-0.47988,-0.0174747,0.0151026,0.39454,0.000692894,0.202183,0.00297192,0.076573,-0.00461534,-0.00453358,-0.000684938,-0.0970571,5.12673,0.180119,1.31696,0.0229676,0.00109693,-0.159012,-2.19199,0.259499
82,0.00153398,-0.72298,-0.0018701,-0.478858,-0.0173957,0.0151817,0.39454,-0.000325211,0.205107,0.00239671,0.0865043,-0.00180825,-0.00174231,-0.000552369,-0.0383231,5.26101,0.203914,1.2509,0.00799531,-0.0143453,-0.161857,-2.10481,0.217695
83,0.0015705,-0.721215,-0.00191571,-0.477579,-0.0173166,0.0151026,0.39454,0.000621169,0.208096,0.000829557,0.100682,0.000454329,-0.00331768,-0.000445459,-0.100135,5.3769,0.230002,1.19819,0.00785135,-0.00429002,-0.164739,-1.98787,0.158106
84,0.0015705,-0.719478,-0.00191571,-0.476301,-0.0173957,0.0151817,0.394438,0.000500942,0.209851,0.000668997,0.112117,-0.00154632,-0.000762833,-0.00284462,-0.078876,5.55924,0.219613,1.20303,0.0183845,-0.0147954,-0.167027,-1.91007,0.113525
85,0.00153398,-0.71755,-0.0018701,-0.474767,-0.0173957,0.0151817,0.39454,-0.000479874,0.215884,0.00164332,0.127539,-0.00124703,-0.000615188,0.000192364,-0.0430273,5.50261,0.195553,1.128,0.0136997,-0.0100825,-0.170932,-1.80588,0.0548324
86,0.00153398,-0.71565,-0.0018701,-0.473318,-0.0173957,0.0151817,0.39454,-0.000386995,0.22009,0.00132526,0.137913,-0.00100567,-0.000496119,0.000155133,-0.0674607,5.61424,0.207995,1.13768,0.0139596,-0.0103141,-0.173602,-1.74537,0.0211723
87,0.0015705,-0.713668,-0.00209816,-0.471784,-0.0173166,0.0152607,0.394438,0.000571195,0.225424,-0.0044467,0.148318,0.00110125,0.00151218,-0.00235969,-0.106523,5.62263,0.334479,1.10318,0.00888506,-0.0158856,-0.176,-1.69407,-0.0119878
88,0.0015705,-0.711604,-0.00218938,-0.470336,-0.0173166,0.0151026,0.394438,0.000460641,0.231723,-0.00579343,0.154667,0.000888103,-0.00260711,-0.00190298,-0.0853416,5.59566,0.328705,1.11611,0.0140923,-0.000506067,-0.179385,-1.68819,-0.0235081
89,0.0015705,-0.709432,-0.00218938,-0.468802,-0.0173166,0.0152607,0.394335,0.000371485,0.239408,-0.00467212,0.161834,0.000716212,0.00172249,-0.00401976,-0.0870068,5.49938,0.30698,1.08486,0.0143605,-0.0213035,-0.181856,-1.70077,-0.0401447
90,0.00153398,-0.707233,-0.00214377,-0.467353,-0.0172375,0.0151817,0.394335,-0.00058407,0.246278,-0.00266429,0.165563,0.00249066,-0.000523959,-0.00324174,-0.0512549,5.45258,0.282987,1.10104,0.0092942,-0.00632448,-0.185314,-1.73435,-0.0396434
91,0.00153398,-0.705061,-0.00196132,-0.465734,-0.0173166,0.0151026,0.394335,-0.000471024,0.251182,0.0022673,0.172709,9.47802e-05,-0.00233636,-0.00261431,-0.0757852,5.47222,0.195149,1.04587,0.019847,-0.00617352,-0.188487,-1.71112,-0.0617949
92,0.00153398,-0.702672,-0.0018701,-0.464029,-0.0173166,0.0152607,0.394335,-0.000379858,0.260349,0.00403475,0.180504,7.64356e-05,0.00194056,-0.00210831,-0.0775078,5.21893,0.191703,1.00245,0.0151818,-0.0220367,-0.191696,-1.81915,-0.0871677
93,0.00153398,-0.700337,-0.00177887,-0.46241,-0.0171584,0.0152607,0.394335,-0.000306337,0.266453,0.00546103,0.184744,0.00388793,0.00156496,-0.00170025,-0.0792499,5.18479,0.165463,1.00645,0.00478679,-0.0124027,-0.194943,-1.86779,-0.0936953
94,0.00153398,-0.697975,-0.00182448,-0.460791,-0.0173166,0.0152607,0.394335,-0.000247046,0.272039,0.00330033,0.188169,-0.000691317,0.00126207,-0.00137117,-0.0810112,5.09831,0.214493,0.993439,0.0256271,-0.0126551,-0.198225,-1.91688,-0.0969733
95,0.0015705,-0.69545,-0.00214377,-0.459001,-0.0173166,0.0152607,0.394335,0.000684224,0.280462,-0.00506155,0.195039,-0.000557513,0.0010178,-0.00110578,-0.120228,4.8407,0.379847,0.927721,0.0160285,-0.0129101,-0.201545,-2.09497,-0.123741
96,0.0015705,-0.692952,-0.00223499,-0.457297,-0.0173166,0.0151026,0.394232,0.000551793,0.286604,-0.00628872,0.198521,-0.000449608,-0.00300486,-0.00337729,-0.0992022,4.73437,0.351368,0.928075,0.0163167,-0.00249305,-0.204271,-2.19961,-0.129644
97,0.0015705,-0.690481,-0.00228061,-0.455507,-0.0173166,0.0152607,0.394232,0.000444995,0.290921,-0.00617534,0.203406,-0.000362587,0.00140369,-0.00272362,-0.101023,4.66053,0.354831,0.884247,0.0166078,-0.0233111,-0.207985,-2.21905,-0.146449
98,0.00153398,-0.687821,-0.00237183,-0.453547,-0.0172375,0.0153398,0.394232,-0.000524577,0.298972,-0.00718668,0.211449,0.0016202,0.00304462,-0.00219647,-0.0654258,4.34769,0.394797,0.806355,0.0115644,-0.0190272,-0.211414,-2.45964,-0.186323
99,0.00153398,-0.685241,-0.00232622,-0.451757,-0.0173957,0.0151817,0.394129,-0.000423046,0.30351,-0.00469216,0.213823,-0.00251954,-0.00137082,-0.00425719,-0.0901112,4.27096,0.348114,0.8217,0.0274775,-0.00367624,-0.21425,-2.51493,-0.186272
100,0.00153398,-0.682635,-0.00223499,-0.450053,-0.0171584,0.0154189,0.394129,-0.000341166,0.307836,-0.00157656,0.213681,0.00370819,0.00463458,-0.00343322,-0.0919889,4.12492,0.310565,0.828549,0.00188165,-0.0298396,-0.218073,-2.56951,-0.169421
101,0.00153398,-0.679893,-0.00209816,-0.448093,-0.0170794,0.015498,0.394129,-0.000275134,0.314587,0.0020386,0.219737,0.00490318,0.00565027,-0.00276873,-0.093886,3.84168,0.259344,0.736886,0.0116721,-0.0206222,-0.221612,-2.78808,-0.199944
102,0.0015705,-0.677232,-0.00200693,-0.446303,-0.0172375,0.0151817,0.394027,0.000661699,0.318067,0.00385095,0.220503,0.000128361,-0.00309497,-0.00471847,-0.133239,3.76063,0.244622,0.757102,0.0275932,0.00539499,-0.224558,-2.79024,-0.190394
103,0.0015705,-0.674626,-0.00200693,-0.444514,-0.0173166,0.0154189,0.393924,0.000533629,0.319548,0.00310561,0.221111,-0.00180899,0.00324159,-0.00629033,-0.112349,3.71206,0.268682,0.741657,0.0233546,-0.03066,-0.227861,-2.65864,-0.180236
104,0.00153398,-0.671884,-0.00214377,-0.442553,-0.0171584,0.0154189,0.393924,-0.000453146,0.324032,-0.000805517,0.22573,0.00236656,0.00261418,-0.00507285,-0.0768681,3.4754,0.345209,0.673508,0.00804923,-0.016113,-0.231831,-2.7418,-0.201248
105,0.00153398,-0.669223,-0.00223499,-0.440593,-0.0170794,0.0153398,0.393821,-0.00036544,0.325712,-0.00285746,0.229479,0.00382223,0.000194496,-0.00657768,-0.10167,3.44092,0.362455,0.644266,0.0129093,-0.0110572,-0.234887,-2.6206,-0.214125
106,0.00153398,-0.666671,-0.00232622,-0.438633,-0.0172375,0.0153398,0.393821,-0.00029471,0.324437,-0.0045122,0.232502,-0.000744899,0.000156851,-0.00530458,-0.103664,3.50682,0.391117,0.616648,0.0288419,-0.0162829,-0.238929,-2.29969,-0.220265
107,0.0015705,-0.663901,-0.00232622,-0.436673,-0.0173166,0.0154189,0.393718,0.000645705,0.328623,-0.00363887,0.234909,-0.00251319,0.00203895,-0.00676294,-0.143114,3.24888,0.36962,0.590653,0.0246148,-0.0219065,-0.242058,-2.37814,-0.223108
108,0.00153398,-0.661295,-0.00223499,-0.434798,-0.0172375,0.0153398,0.393718,-0.000362835,0.328072,-0.0007277,0.234799,-0.00011389,-0.000268555,-0.00545398,-0.084884,3.34584,0.320769,0.593446,0.0146583,-0.0119165,-0.246174,-2.1141,-0.206045
109,0.0015705,-0.658607,-0.00218938,-0.432923,-0.0172375,0.0153398,0.393616,0.000591295,0.329623,0.000517007,0.234728,-9.18467e-05,-0.000216577,-0.00688491,-0.1472,3.25471,0.319821,0.579221,0.0199256,-0.0171499,-0.249376,-2.00675,-0.190429
110,0.00153398,-0.655892,-0.00209816,-0.431134,-0.0172375,0.0153398,0.393616,-0.000406576,0.331496,0.00262347,0.232585,-7.40699e-05,-0.000174659,-0.00555234,-0.0890087,3.19608,0.282396,0.593783,0.0202539,-0.0174441,-0.253566,-1.92613,-0.160149
111,0.00153398,-0.653259,-0.00205254,-0.429429,-0.0173166,0.0154189,0.393616,-0.000327884,0.331044,0.00321912,0.2288,-0.00197256,0.00177198,-0.0044777,-0.113927,3.27178,0.281471,0.618492,0.0259223,-0.0230781,-0.257471,-1.68293,-0.118291
112,0.0015705,-0.650652,-0.00205254,-0.427469,-0.0171584,0.0152607,0.393513,0.000619503,0.330051,0.00259606,0.231954,0.00223653,-0.00239829,-0.00609764,-0.153474,3.34604,0.294242,0.54469,0.0106401,-0.00776117,-0.260783,-1.41645,-0.130057
113,0.0015705,-0.648019,-0.00209816,-0.42568,-0.0173166,0.0151026,0.393513,0.000499599,0.329872,0.000990314,0.230348,-0.00202156,-0.00575932,-0.00491745,-0.132777,3.38494,0.320709,0.582766,0.0315353,-0.00727207,-0.265082,-1.22153,-0.105104
114,0.00153398,-0.645467,-0.00218938,-0.42372,-0.0172375,0.015498,0.393513,-0.000480576,0.327759,-0.00140802,0.233178,0.000282397,0.00491882,-0.00396569,-0.097491,3.55816,0.360873,0.530853,0.0166542,-0.0441461,-0.269097,-0.912799,-0.113872
115,0.00153398,-0.642833,-0.00214377,-0.42193,-0.0172375,0.0153398,0.39341,-0.000387561,0.328063,-3.15407e-05,0.231362,0.00022774,0.000139237,-0.00568489,-0.122487,3.59421,0.314388,0.572177,0.0219389,-0.00906951,-0.272519,-0.776707,-0.0871229
116,0.0015705,-0.640172,-0.00205254,-0.420311,-0.0173166,0.0151026,0.39341,0.000570862,0.328923,0.00218106,0.225747,-0.00172888,-0.00562533,-0.00458459,-0.162111,3.66278,0.277037,0.632169,0.0276219,-0.00325126,-0.276929,-0.681858,-0.0332813
117,0.0015705,-0.637539,-0.00200693,-0.418692,-0.0173957,0.0153398,0.393307,0.000460372,0.328978,0.00286247,0.221229,-0.00330733,0.00120267,-0.00618309,-0.141493,3.7978,0.276187,0.656501,0.0283662,-0.0344004,-0.280425,-0.535043,0.0104213
118,0.00153398,-0.634824,-0.00191571,-0.417243,-0.0172375,0.0153398,0.393307,-0.000512447,0.330997,0.00451569,0.213465,0.00115919,0.000969893,-0.00498636,-0.106284,3.82959,0.238859,0.736786,0.0131017,-0.0198896,-0.284908,-0.515926,0.0773573
119,0.0015705,-0.632082,-0.0018701,-0.415794,-0.0173166,0.0152607,0.393307,0.000470234,0.333265,0.00474504,0.207194,-0.000977895,-0.00113056,-0.00402126,-0.168794,3.89389,0.238032,0.781411,0.0286773,-0.0148699,-0.289106,-0.506173,0.131417
120,0.00153398,-0.629421,-0.00196132,-0.41426,-0.0173166,0.0152607,0.393205,-0.000504722,0.333157,0.00161883,0.204218,-0.000788625,-0.000911738,-0.0057296,-0.110797,4.09251,0.301073,0.800496,0.024093,-0.0201318,-0.292712,-0.336291,0.159944
121,0.00153398,-0.626733,-0.00200693,-0.412556,-0.0173166,0.0152607,0.393205,-0.000407034,0.333698,0.000202089,0.205924,-0.000635988,-0.000735273,-0.00462064,-0.135909,4.22185,0.304833,0.785519,0.0244536,-0.0204543,-0.297305,-0.224178,0.153488
122,0.00153398,-0.623991,-0.00196132,-0.411022,-0.0173166,0.0152607,0.392999,-0.000328253,0.335436,0.0012662,0.20317,-0.000512894,-0.000592962,-0.00869654,-0.138214,4.31582,0.269836,0.863778,0.0248171,-0.0207795,-0.300356,-0.191312,0.1825
123,0.00153398,-0.621249,-0.00191571,-0.409317,-0.0172375,0.0153398,0.392896,-0.00026472,0.336847,0.00212451,0.205078,0.00149915,0.00143457,-0.00949879,-0.140538,4.45929,0.257657,0.85205,0.0198462,-0.0264446,-0.304714,-0.136152,0.176553
124,0.0015705,-0.618506,-0.0018701,-0.407698,-0.0173957,0.0151817,0.392896,0.000670451,0.338017,0.00281721,0.204573,-0.00261836,-0.00267043,-0.00766031,-0.180317,4.61831,0.245489,0.906394,0.0358318,-0.0111587,-0.309418,-0.0622942,0.190539
125,0.00153398,-0.615683,-0.00177887,-0.405994,-0.0173957,0.0151817,0.392794,-0.000342809,0.340897,0.00447865,0.206208,-0.00211158,-0.00215357,-0.00866306,-0.122417,4.69106,0.208247,0.916556,0.0263205,-0.0213754,-0.313207,-0.104876,0.188642
126,0.00153398,-0.612859,-0.00177887,-0.404289,-0.0173166,0.0152607,0.392794,-0.000276459,0.343222,0.00361181,0.207528,0.000209893,0.000176026,-0.00698634,-0.147627,4.83027,0.232592,0.946985,0.0213587,-0.027048,-0.317984,-0.10181,0.190378
127,0.00153398,-0.609954,-0.00182448,-0.40267,-0.0173166,0.0152607,0.392691,-0.000222951,0.347096,0.00180892,0.206547,0.000169268,0.000141956,-0.00812062,-0.150028,4.88322,0.259231,1.0062,0.0266788,-0.0224444,-0.321848,-0.193523,0.210572
128,0.0015705,-0.607049,-0.00177887,-0.40088,-0.0173957,0.0151817,0.392691,0.000703667,0.350186,0.00256212,0.20986,-0.00177615,-0.00179818,-0.00654888,-0.189886,5.00262,0.224306,0.994073,0.0323972,-0.017448,-0.326698,-0.229197,0.197681
129,0.00153398,-0.604171,-0.00168765,-0.39875,-0.0173166,0.0152607,0.392691,-0.000315999,0.352023,0.00427287,0.220778,0.000480292,0.000462529,-0.00528136,-0.132064,5.17151,0.187113,0.912195,0.0225023,-0.0280705,-0.331265,-0.187545,0.12791
130,0.0015705,-0.601212,-0.00164204,-0.39679,-0.0172375,0.0151817,0.392588,0.000629153,0.355516,0.00454983,0.225487,0.00230113,-0.00154079,-0.00674594,-0.194762,5.22163,0.186408,0.95825,0.0224758,-0.0181213,-0.335202,-0.274388,0.107799
131,0.0015705,-0.598117,-0.00164204,-0.394574,-0.0173166,0.0152607,0.392485,0.000507382,0.361565,0.00366922,0.235435,-5.66616e-05,0.000669839,-0.00792525,-0.174356,5.1452,0.199382,0.883752,0.0331072,-0.0287155,-0.339444,-0.585435,0.0441677
132,0.0015705,-0.595076,-0.00173326,-0.392443,-0.0173166,0.0152607,0.392383,0.000409179,0.365148,0.000752133,0.241409,-4.56948e-05,0.000540192,-0.00887696,-0.176777,5.2215,0.251126,0.892344,0.028518,-0.0240891,-0.343686,-0.725046,0.0120708
133,0.00153398,-0.592062,-0.0018701,-0.390483,-0.0172375,0.0151817,0.39228,-0.000553894,0.367406,-0.00270492,0.242119,0.0018767,-0.00147791,-0.0096453,-0.141762,5.2978,0.305152,0.936622,0.0235337,-0.0190675,-0.347929,-0.780194,0.0198179
134,0.00153398,-0.588696,-0.00177887,-0.388268,-0.0173166,0.0152607,0.39228,-0.000446688,0.377727,2.51472e-05,0.248852,-0.000399113,0.000720717,-0.00777846,-0.16701,4.91594,0.222345,0.862124,0.0341659,-0.0296624,-0.352803,-1.45906,-0.0246473
135,0.00153398,-0.585465,-0.00164204,-0.386137,-0.0173957,0.0151817,0.392177,-0.000360233,0.382778,0.00333055,0.252228,-0.00223471,-0.00133163,-0.00875851,-0.169431,4.92436,0.171464,0.870716,0.0349148,-0.0196994,-0.356727,-1.71753,-0.0413619
136,0.00153398,-0.582315,-0.00164204,-0.384007,-0.0173166,0.0152607,0.392074,-0.00029051,0.384919,0.00268593,0.254976,0.000111608,0.000839905,-0.00955009,-0.171851,4.94973,0.207244,0.860666,0.0249896,-0.0302948,-0.360974,-1.7625,-0.0534884
137,0.00153398,-0.578922,-0.00159642,-0.38162,-0.0171584,0.0152607,0.391972,-0.000234282,0.39253,0.00326965,0.263359,0.00391624,0.000677343,-0.0101876,-0.174272,4.61876,0.183729,0.769123,0.019611,-0.0256695,-0.365222,-2.24195,-0.11281
138,0.00153398,-0.575555,-0.00177887,-0.379405,-0.0173166,0.0151026,0.391972,-0.000188937,0.397975,-0.00177555,0.265973,-0.000666289,-0.0032783,-0.00821579,-0.176693,4.47443,0.297049,0.787834,0.0405232,-0.0153118,-0.3701,-2.53255,-0.125053
139,0.00153398,-0.572216,-0.00191571,-0.377104,-0.0173166,0.0152607,0.391869,-0.000152369,0.401759,-0.00474319,0.270175,-0.00053733,0.00118309,-0.00911196,-0.179115,4.34706,0.32827,0.742097,0.0309939,-0.0361869,-0.374029,-2.6938,-0.150145
140,0.00153398,-0.568767,-0.0018701,-0.374632,-0.0172375,0.0153398,0.391766,-0.000122878,0.407405,-0.00272184,0.277664,0.00147933,0.00286677,-0.00983366,-0.181536,4.06695,0.27055,0.660672,0.0260115,-0.0319577,-0.378281,-2.99853,-0.201795
141,0.0015705,-0.565401,-0.0018701,-0.372331,-0.0172375,0.0150235,0.391663,0.000784468,0.409997,-0.00219503,0.279587,0.00119301,-0.00533957,-0.010416,-0.221394,3.95651,0.283528,0.670861,0.0313083,-0.00598454,-0.382533,-3.05709,-0.207864
142,0.0015705,-0.561899,-0.00182448,-0.369775,-0.0173166,0.0154189,0.391663,0.000632636,0.415406,-0.000666297,0.287349,-0.00095155,0.00526217,-0.00839996,-0.200989,3.62546,0.260017,0.562271,0.0370006,-0.0527558,-0.387416,-3.32513,-0.260848
143,0.00153398,-0.558396,-0.0018701,-0.367133,-0.0171584,0.0152607,0.391561,-0.000373195,0.419716,-0.00164055,0.295631,0.00305759,0.000418718,-0.00925924,-0.165975,3.37924,0.298081,0.482444,0.0217398,-0.0176902,-0.39135,-3.50166,-0.316241
144,0.0015705,-0.555138,-0.00177887,-0.364747,-0.0171584,0.0152607,0.391458,0.000582714,0.417307,0.000884133,0.296146,0.0024658,0.000337676,-0.00995302,-0.22866,3.43843,0.23808,0.50275,0.031979,-0.0278925,-0.395605,-3.19457,-0.308944
145,0.00153398,-0.551663,-0.0018701,-0.361849,-0.0172375,0.0153398,0.391355,-0.000413864,0.420632,-0.00149444,0.308942,7.51758e-05,0.00218569,-0.0105129,-0.17082,3.07339,0.312634,0.304144,0.0376718,-0.0335484,-0.399862,-3.32631,-0.398984
146,0.00153398,-0.548269,-0.00191571,-0.359463,-0.0173957,0.0150235,0.391252,-0.000333762,0.421309,-0.00230848,0.306865,-0.0037646,-0.00588779,-0.0109634,-0.196069,2.94589,0.31649,0.380376,0.0437606,-0.00757643,-0.40412,-3.24519,-0.371384
147,0.0015705,-0.544848,-0.00182448,-0.356906,-0.0171584,0.0154189,0.391252,0.000614477,0.42253,0.000345385,0.309326,0.00270314,0.00481695,-0.00884141,-0.235927,2.73354,0.25649,0.290425,0.0182219,-0.0543489,-0.409009,-3.21336,-0.381597
148,0.00153398,-0.541427,-0.00173326,-0.354264,-0.0170794,0.0153398,0.391252,-0.000388312,0.423536,0.00248614,0.313389,0.00409346,0.00197113,-0.00713017,-0.178087,2.53813,0.230698,0.210595,0.0280668,-0.0246218,-0.413577,-3.16993,-0.404459
149,0.00153398,-0.538196,-0.00168765,-0.352049,-0.0173166,0.0151026,0.39115,-0.000313155,0.419699,0.00310808,0.306321,-0.00243581,-0.00414736,-0.00823501,-0.203336,2.58028,0.229991,0.285226,0.049377,-0.0138718,-0.417518,-2.80694,-0.342739
150,0.00153398,-0.534721,-0.00177887,-0.349492,-0.0173957,0.0153398,0.39115,-0.000252544,0.422552,0.000299287,0.308892,-0.00387754,0.00239489,-0.00664114,-0.205759,2.19819,0.29314,0.15799,0.040246,-0.0450287,-0.42241,-2.90609,-0.358538
151,0.0015705,-0.531436,-0.00182448,-0.347191,-0.0173166,0.0152607,0.391047,0.000680181,0.420267,-0.000862428,0.304789,-0.00121357,1.78803e-05,-0.00784213,-0.245618,2.20637,0.296995,0.186815,0.0303249,-0.0251859,-0.426352,-2.66252,-0.323119
152,0.0015705,-0.528314,-0.0018701,-0.34506,-0.0171584,0.0152607,0.390944,0.000548533,0.414446,-0.00179877,0.297331,0.00284647,1.44196e-05,-0.0088095,-0.225214,2.29938,0.312254,0.214041,0.0249503,-0.0304482,-0.430617,-2.21857,-0.264851
153,0.00153398,-0.52492,-0.00191571,-0.342504,-0.0173166,0.0152607,0.390944,-0.000441187,0.416331,-0.00255405,0.301632,-0.00153015,1.16287e-05,-0.00710443,-0.190201,1.9512,0.327514,0.0681614,0.0458665,-0.0307687,-0.435512,-2.2945,-0.298178
154,0.00153398,-0.521825,-0.00182448,-0.340373,-0.0173957,0.0151817,0.390841,-0.000355796,0.410679,0.000148679,0.294828,-0.00314818,-0.00190481,-0.00821667,-0.215452,2.14601,0.267514,0.151313,0.0416785,-0.0257522,-0.439459,-1.88532,-0.245758
155,0.0015705,-0.518811,-0.00168765,-0.338243,-0.0172375,0.0153398,0.390841,0.000596175,0.40406,0.0034285,0.289279,0.00128491,0.00228763,-0.00662635,-0.255311,2.25597,0.216636,0.141254,0.0264211,-0.0416894,-0.444356,-1.46003,-0.20597
156,0.00153398,-0.515635,-0.00155081,-0.335686,-0.0171584,0.0152607,0.390739,-0.000402806,0.402704,0.00607534,0.295141,0.00294915,-6.80728e-05,-0.00782949,-0.197472,2.11141,0.177159,-0.0046259,0.0313266,-0.0267898,-0.448305,-1.38769,-0.252264
157,0.0015705,-0.51273,-0.00141398,-0.333811,-0.0173957,0.0151817,0.390636,0.000559015,0.395063,0.00821088,0.283388,-0.00336218,-0.00196841,-0.00880051,-0.260159,2.40803,0.137679,0.160018,0.0526392,-0.026716,-0.452575,-0.931762,-0.165469
158,0.00153398,-0.509743,-0.00141398,-0.331766,-0.0172375,0.015498,0.390533,-0.000432703,0.390845,0.00662168,0.278016,0.00111412,0.00606369,-0.00958264,-0.202319,2.43316,0.173457,0.121196,0.0274988,-0.0533286,-0.456847,-0.716796,-0.130179
159,0.00153398,-0.506675,-0.00145959,-0.32955,-0.0171584,0.0152607,0.390533,-0.000348954,0.389413,0.00423668,0.277807,0.00281126,-0.00084827,-0.00772794,-0.22757,2.40739,0.200113,0.0653304,0.032405,-0.0178718,-0.461749,-0.674796,-0.133498
160,0.00153398,-0.503852,-0.00173326,-0.328016,-0.0173957,0.0150235,0.390533,-0.000281414,0.38238,-0.00320671,0.261163,-0.00347386,-0.0064251,-0.00623221,-0.229994,2.73797,0.340801,0.264062,0.0537184,-0.0170079,-0.466331,-0.317299,-0.0172016
161,0.0015705,-0.500947,-0.0018701,-0.326141,-0.0172375,0.015498,0.39043,0.000656509,0.378641,-0.00589596,0.255966,0.00102378,0.00629429,-0.00751125,-0.269854,2.81404,0.349217,0.205001,0.0285788,-0.0641791,-0.470285,-0.179144,0.0111264
162,0.00153398,-0.497933,-0.00200693,-0.324266,-0.0172375,0.0151817,0.390328,-0.000354011,0.378252,-0.00806471,0.251775,0.000825625,-0.00257449,-0.00854273,-0.212015,2.80527,0.391845,0.220509,0.0388231,-0.0135019,-0.474562,-0.222261,0.0326317
163,0.00153398,-0.495191,-0.0018701,-0.322562,-0.0173957,0.0151817,0.390225,-0.000285493,0.371402,-0.00319237,0.244291,-0.0031612,-0.0020762,-0.00937571,-0.237266,3.20375,0.283955,0.290345,0.0498584,-0.0335923,-0.478839,0.0583237,0.0766139
164,0.00153398,-0.492421,-0.00168765,-0.320858,-0.0173166,0.0154189,0.390225,-0.000230236,0.366509,0.00183905,0.23824,-0.000636574,0.00406399,-0.00756106,-0.239691,3.39864,0.219394,0.322897,0.0349988,-0.049927,-0.483747,0.204769,0.109057
165,0.0015705,-0.489571,-0.00145959,-0.319068,-0.0171584,0.0152607,0.390019,0.000697885,0.364536,0.00700026,0.235423,0.00331235,-0.000548304,-0.0110688,-0.279551,3.50869,0.141147,0.328285,0.0296277,-0.0247506,-0.487076,0.197964,0.119052
166,0.0015705,-0.486747,-0.00136836,-0.317534,-0.0173166,0.0151026,0.390019,0.00056281,0.362315,0.00785308,0.226981,-0.00115594,-0.00426938,-0.00892642,-0.259149,3.70361,0.14956,0.433809,0.0505474,-0.0242836,-0.492307,0.201705,0.16867
167,0.00153398,-0.483951,-0.00141398,-0.316,-0.0172375,0.0153398,0.389917,-0.00042957,0.359832,0.00522984,0.220154,0.000980411,0.00229482,-0.00968398,-0.224138,3.91551,0.199022,0.483407,0.0356883,-0.0505027,-0.496268,0.209675,0.205275
168,0.00153398,-0.481127,-0.00159642,-0.314551,-0.0172375,0.0151817,0.389917,-0.000346428,0.358487,-0.000195617,0.212588,0.000790654,-0.00197463,-0.00780966,-0.24939,4.07652,0.289536,0.560169,0.0409923,-0.0253267,-0.501181,0.163986,0.246572
169,0.0015705,-0.478331,-0.00182448,-0.312932,-0.0173166,0.0151026,0.389814,0.000604658,0.35679,-0.00567789,0.210634,-0.00127627,-0.00350633,-0.00878502,-0.289251,4.28846,0.37093,0.563962,0.0466919,-0.0301973,-0.505144,0.136065,0.248942
170,0.00153398,-0.475453,-0.00191571,-0.311313,-0.0172375,0.0151817,0.389711,-0.000395754,0.357341,-0.00678536,0.209029,0.000883228,-0.000915212,-0.00956976,-0.231414,4.38163,0.365665,0.605039,0.0367755,-0.0408006,-0.509429,0.0141817,0.250956
171,0.00153398,-0.472656,-0.0018701,-0.309523,-0.0173166,0.0151026,0.389609,-0.000319156,0.35586,-0.00436813,0.211886,-0.00120145,-0.0026518,-0.0102042,-0.256666,4.62753,0.319351,0.591789,0.0474176,-0.0308459,-0.513715,-0.0146506,0.223589
172,0.00153398,-0.469914,-0.00164204,-0.307819,-0.0173166,0.0152607,0.389609,-0.000257384,0.353313,0.00199382,0.212104,-0.00096891,0.00168672,-0.00822923,-0.259091,4.89042,0.206898,0.642987,0.0428391,-0.0467869,-0.518632,-0.0139448,0.215486
173,0.0015705,-0.467118,-0.00159642,-0.306114,-0.0173957,0.0151817,0.389506,0.000675967,0.352579,0.00271132,0.212283,-0.00269419,-0.000552551,-0.00912197,-0.298953,5.05151,0.240401,0.675543,0.0485401,-0.031891,-0.5226,-0.0896394,0.209242
174,0.0015705,-0.464131,-0.00159642,-0.30441,-0.0172375,0.0151817,0.389403,0.000545135,0.356586,0.00218655,0.212429,0.00165298,-0.000445605,-0.00984198,-0.278552,5.009,0.253377,0.7081,0.0332878,-0.0371582,-0.52689,-0.334921,0.206193
175,0.0015705,-0.461226,-0.00173326,-0.302791,-0.0173166,0.0151026,0.3893,0.000439625,0.357873,-0.00154813,0.210499,-0.000580496,-0.0022729,-0.0104235,-0.280978,5.18709,0.330211,0.767822,0.0488729,-0.0321464,-0.531181,-0.453559,0.216795
176,0.00153398,-0.458375,-0.00177887,-0.301086,-0.0173957,0.0151817,0.389198,-0.000528851,0.357558,-0.00235171,0.210982,-0.00238063,7.95036e-05,-0.0108912,-0.245968,5.38216,0.322664,0.781737,0.0496327,-0.0427511,-0.535473,-0.50626,0.210329
177,0.00153398,-0.45528,-0.0018701,-0.299382,-0.0172375,0.0151817,0.389198,-0.000426493,0.363231,-0.00410345,0.21138,0.00190595,6.41158e-05,-0.00878319,-0.271221,5.23786,0.363011,0.814295,0.0343813,-0.0381351,-0.540395,-0.779853,0.207711
178,0.0015705,-0.452266,-0.00191571,-0.297592,-0.0173166,0.0151026,0.389095,0.000539868,0.365855,-0.00441298,0.213775,-0.000376358,-0.00186171,-0.0095695,-0.311083,5.3481,0.36687,0.81969,0.0499672,-0.0331241,-0.544369,-0.910379,0.191395
179,0.00153398,-0.449226,-0.00191571,-0.295803,-0.0173957,0.0151817,0.388992,-0.000448212,0.368609,-0.00355886,0.215695,-0.00221644,0.000411551,-0.010203,-0.253246,5.3735,0.357046,0.843726,0.0507278,-0.0437295,-0.548664,-1.0391,0.179235
180,0.00153398,-0.446103,-0.00177887,-0.293843,-0.0173166,0.0151026,0.388992,-0.000361462,0.372792,0.000440015,0.221362,0.000125273,-0.00158083,-0.00822822,-0.2785,5.31406,0.283365,0.813435,0.0408144,-0.0337769,-0.55359,-1.21181,0.143306
181,0.00153398,-0.443035,-0.00164204,-0.291968,-0.0173166,0.0151026,0.388889,-0.000291501,0.374879,0.00366609,0.223887,0.000101027,-0.00127486,-0.00912194,-0.280926,5.37341,0.243891,0.847592,0.0461222,-0.0390455,-0.557567,-1.29373,0.129329
182,0.0015705,-0.439859,-0.00159642,-0.290008,-0.0173166,0.0152607,0.388787,0.000648364,0.379158,0.00405981,0.227965,8.14734e-05,0.00279711,-0.00984165,-0.320789,5.26306,0.254589,0.835943,0.0464883,-0.050047,-0.561866,-1.4553,0.105966
183,0.00153398,-0.436546,-0.0015052,-0.288048,-0.0173957,0.0151817,0.388787,-0.000360703,0.385905,0.00548095,0.231262,-0.00184719,0.000342839,-0.00793681,-0.262952,5.0509,0.217393,0.842936,0.052192,-0.0351535,-0.566795,-1.6987,0.089486
184,0.00153398,-0.433343,-0.00159642,-0.286087,-0.0172375,0.0151817,0.388684,-0.000290889,0.38875,0.0022123,0.233939,0.0023377,0.000276483,-0.00888729,-0.288206,5.05932,0.291945,0.849929,0.0369424,-0.0404231,-0.570775,-1.77266,0.0762198
185,0.0015705,-0.430139,-0.00177887,-0.283872,-0.0173166,0.0151026,0.388581,0.000648846,0.391,-0.00262898,0.242256,-2.73484e-05,-0.00168962,-0.00965238,-0.328069,4.99986,0.37106,0.77543,0.0525302,-0.0354137,-0.575077,-1.81822,0.0251993
186,0.00153398,-0.4268,-0.00182448,-0.281741,-0.0174747,0.0151026,0.388478,-0.000360305,0.39611,-0.00322359,0.246909,-0.00384781,-0.0013626,-0.0102698,-0.270233,4.77071,0.352112,0.78402,0.05863,-0.0406835,-0.579381,-1.96732,0.00152498
187,0.00153398,-0.423542,-0.00182448,-0.27927,-0.0173166,0.0151026,0.388376,-0.000290569,0.398288,-0.00259967,0.258929,0.000723987,-0.00109887,-0.0107685,-0.295488,4.7282,0.342287,0.665312,0.0384395,-0.0410116,-0.583685,-1.98854,-0.071443
188,0.00153398,-0.420284,-0.00164204,-0.276798,-0.0172375,0.0150235,0.388376,-0.00023433,0.399985,0.00231543,0.268577,0.00249595,-0.00279827,-0.00868428,-0.297915,4.63478,0.243519,0.621172,0.0433538,-0.0360026,-0.58862,-1.99384,-0.126451
189,0.00153398,-0.416917,-0.00145959,-0.274583,-0.0173957,0.0151817,0.388273,-0.000188975,0.404021,0.00628148,0.270203,-0.00181327,0.00156946,-0.00948928,-0.300342,4.4056,0.19036,0.658524,0.059338,-0.0519473,-0.592606,-2.08173,-0.126139
190,0.00153398,-0.413605,-0.00136836,-0.272111,-0.0173166,0.0152607,0.388273,-0.0001524,0.405995,0.00727371,0.277724,0.000451535,0.00317954,-0.00765265,-0.302769,4.31215,0.187371,0.558456,0.0444854,-0.0477299,-0.597543,-2.08163,-0.166665
191,0.00153398,-0.410265,-0.00141398,-0.269555,-0.0173166,0.0149445,0.38817,-0.000122903,0.408186,0.00476269,0.285807,0.000364141,-0.00508573,-0.00865655,-0.305197,4.15082,0.236835,0.487151,0.0497958,-0.0217684,-0.601531,-2.08611,-0.210176
192,0.00153398,-0.406926,-0.00145959,-0.267339,-0.0173166,0.0152607,0.388067,-9.91152e-05,0.409976,0.00273736,0.284097,0.000293662,0.00355068,-0.00946686,-0.307624,4.00645,0.252091,0.543143,0.0501646,-0.063214,-0.605841,-2.08153,-0.189093
193,0.00153398,-0.403532,-0.00141398,-0.264697,-0.0173166,0.0154189,0.388067,-7.99316e-05,0.412749,0.00331128,0.293038,0.000236824,0.00669021,-0.00763456,-0.310052,3.79418,0.217174,0.388746,0.0505337,-0.054451,-0.610782,-2.09081,-0.238959
194,0.0015705,-0.400193,-0.00136836,-0.262481,-0.0173166,0.0149445,0.387965,0.000819115,0.41365,0.00377384,0.289925,0.000190987,-0.00608205,-0.00864252,-0.349916,3.68371,0.205063,0.46338,0.050903,-0.0128742,-0.614773,-2.0504,-0.210346
195,0.00153398,-0.39669,-0.00132275,-0.260521,-0.0173166,0.0151026,0.387862,-0.000222923,0.418311,0.00414677,0.281225,0.000154022,-0.00107942,-0.00945517,-0.292082,3.33567,0.192951,0.526295,0.0512725,-0.0535299,-0.619087,-2.12579,-0.146609
196,0.00153398,-0.393296,-0.00127714,-0.258135,-0.0173166,0.0152607,0.387759,-0.000179776,0.419478,0.004448,0.284541,0.000124211,0.00295659,-0.0101116,-0.317337,3.22516,0.180838,0.397464,0.0516424,-0.0546508,-0.623401,-2.06855,-0.16526
197,0.00153398,-0.390011,-0.0011403,-0.25626,-0.0173957,0.0150235,0.387656,-0.000144981,0.417751,0.00689694,0.274818,-0.00181243,-0.00335346,-0.0106397,-0.319765,3.18252,0.118552,0.524827,0.0573498,-0.0290861,-0.627717,-1.95134,-0.101617
198,0.0015705,-0.386563,-0.00118591,-0.254044,-0.0171584,0.0152607,0.387656,0.000766765,0.420322,0.00445846,0.275238,0.00427776,0.00303499,-0.00858044,-0.35963,2.86837,0.179416,0.431682,0.0367666,-0.0602543,-0.632663,-1.94463,-0.103397
199,0.0015705,-0.383197,-0.00109469,-0.251743,-0.0171584,0.0151026,0.387554,0.000618359,0.420436,0.005803,0.277645,0.0034498,-0.00137919,-0.00940595,-0.339232,2.75782,0.119408,0.38594,0.0519625,-0.0350854,-0.636661,-1.86186,-0.118467
200,0.00153398,-0.38002,-0.0011403,-0.249783,-0.0173166,0.0151026,0.387554,-0.000384693,0.415891,0.00357664,0.271315,-0.0010428,-0.00111225,-0.00758544,-0.304225,2.83391,0.168869,0.467497,0.0630074,-0.0453005,-0.641609,-1.6784,-0.0803306
201,0.00153398,-0.376735,-0.00100347,-0.247482,-0.0172375,0.0153398,0.387451,-0.000310236,0.414871,0.00619477,0.274468,0.00107194,0.00484175,-0.00860292,-0.32948,2.65547,0.083774,0.365829,0.0481573,-0.0616438,-0.645608,-1.58692,-0.101518
202,0.00153398,-0.373423,-0.00109469,-0.245096,-0.0173166,0.0151026,0.387451,-0.00025019,0.414731,0.00278816,0.279091,-0.00104905,-0.00183592,-0.00693784,-0.331909,2.51096,0.169723,0.311564,0.0588077,-0.0311387,-0.650559,-1.51773,-0.12977
203,0.00153398,-0.3703,-0.00104908,-0.243136,-0.0173166,0.0151026,0.387348,-0.000201766,0.409991,0.00335191,0.27249,-0.000846007,-0.00148058,-0.00808052,-0.334338,2.62096,0.123398,0.411763,0.0542375,-0.0462964,-0.654561,-1.3618,-0.089594
204,0.0015705,-0.366988,-0.00104908,-0.240835,-0.0171584,0.0154189,0.387245,0.000720893,0.410772,0.00270315,0.275417,0.00314367,0.00645784,-0.00900225,-0.374204,2.37463,0.136368,0.310094,0.0439348,-0.0679778,-0.658885,-1.3332,-0.107333
205,0.00153398,-0.363839,-0.000957854,-0.238619,-0.0172375,0.0151817,0.387143,-0.000302715,0.407502,0.00438812,0.275745,0.000621228,-0.000534024,-0.00974691,-0.31637,2.45068,0.0877623,0.310157,0.0595277,-0.0325318,-0.66321,-1.21371,-0.110267
206,0.0015705,-0.360771,-0.00100347,-0.23683,-0.0173166,0.0149445,0.38704,0.000639052,0.402818,0.00243586,0.26565,-0.00141104,-0.00616676,-0.0103449,-0.379063,2.52674,0.137221,0.4274,0.0602952,-0.0316786,-0.667536,-1.09854,-0.0504611
207,0.0015705,-0.357567,-0.000912242,-0.234614,-0.0171584,0.0154189,0.38704,0.000515365,0.402346,0.00417098,0.26783,0.00268729,0.00650247,-0.00834266,-0.358666,2.3822,0.0772114,0.315611,0.0450514,-0.0788605,-0.672492,-1.06172,-0.0660196
208,0.00153398,-0.354472,-0.00100347,-0.232569,-0.0173166,0.0151026,0.386937,-0.000468428,0.399389,0.00115562,0.265498,-0.00166066,-0.00241171,-0.00921488,-0.32366,2.45825,0.151756,0.35136,0.0659824,-0.028194,-0.676499,-0.982514,-0.0543503
209,0.00153398,-0.351567,-0.00104908,-0.230779,-0.0173166,0.0151026,0.386834,-0.000377764,0.392355,-0.000171298,0.257399,-0.00133924,-0.00194493,-0.00991651,-0.348916,2.70399,0.155604,0.431318,0.0564718,-0.0482951,-0.680829,-0.847163,-0.0114144
210,0.0015705,-0.348417,-0.00086663,-0.228563,-0.0171584,0.0152607,0.386834,0.000578926,0.392606,0.00427566,0.261183,0.00274576,0.00225729,-0.00799718,-0.388783,2.52552,0.0454218,0.319529,0.0461707,-0.0593033,-0.685789,-0.845914,-0.0369201
211,0.0015705,-0.345485,-0.00086663,-0.226773,-0.0173166,0.0151026,0.386834,0.000466876,0.387581,0.00344811,0.253943,-0.00161293,-0.00200685,-0.00644934,-0.368386,2.77127,0.0925988,0.436772,0.0671025,-0.0390793,-0.690429,-0.771534,0.00165704
212,0.00153398,-0.342526,-0.000912242,-0.224899,-0.0171584,0.0152607,0.386732,-0.000506784,0.384136,0.00167763,0.250136,0.00252383,0.00220616,-0.00768591,-0.33338,2.84734,0.11925,0.433639,0.0469181,-0.0599719,-0.69444,-0.733499,0.0187951
213,0.0015705,-0.339566,-0.00086663,-0.222939,-0.0172375,0.0151817,0.386629,0.000475029,0.381392,0.00245657,0.249149,0.000122129,-0.000134062,-0.00868435,-0.396074,2.94039,0.0843266,0.421985,0.062513,-0.0450856,-0.698774,-0.709096,0.0193819
214,0.00153398,-0.336661,-0.000912242,-0.221234,-0.0173957,0.0150235,0.386526,-0.00050073,0.377873,0.000877348,0.242171,-0.00372835,-0.00393496,-0.0094898,-0.338242,3.10132,0.122381,0.510466,0.06862,-0.0396878,-0.70311,-0.697388,0.0548075
215,0.0015705,-0.333756,-0.000957854,-0.219274,-0.0172375,0.0151817,0.386423,0.00047959,0.375002,-0.000395698,0.242709,0.000818315,0.000651697,-0.0101382,-0.400935,3.22833,0.137631,0.461528,0.0484368,-0.0605808,-0.707446,-0.683925,0.0452555
216,0.00153398,-0.330878,-0.000957854,-0.217655,-0.0172375,0.0151817,0.386423,-0.000496809,0.372044,-0.000319111,0.234905,0.000659932,0.000525562,-0.00817596,-0.343103,3.38928,0.127795,0.577174,0.0586955,-0.0510322,-0.712413,-0.70347,0.0848824
217,0.00153398,-0.327946,-0.00086663,-0.216036,-0.0172375,0.0151817,0.386321,-0.000400653,0.370996,0.00195031,0.228625,0.000532203,0.000423841,-0.00907998,-0.368361,3.46541,0.0791884,0.618252,0.0590707,-0.0513678,-0.71643,-0.751765,0.115527
218,0.0015705,-0.325068,-0.00086663,-0.214416,-0.0172375,0.0150235,0.386321,0.00056042,0.368809,0.00157283,0.223544,0.000429196,-0.00348377,-0.00732257,-0.408228,3.64335,0.10356,0.65933,0.0594461,-0.041029,-0.721399,-0.78156,0.137261
219,0.00153398,-0.322217,-0.000821018,-0.212882,-0.0173166,0.0151026,0.386218,-0.000431556,0.366387,0.00237178,0.217385,-0.00156662,-0.000896746,-0.00839072,-0.350396,3.82131,0.0800389,0.727572,0.0651591,-0.0565857,-0.725419,-0.817744,0.164384
220,0.0015705,-0.319394,-0.000821018,-0.211348,-0.0173166,0.0151026,0.386218,0.00053586,0.363807,0.00191273,0.212434,-0.00126341,-0.000723182,-0.00676671,-0.413091,4.01625,0.0930069,0.777174,0.0605934,-0.0519797,-0.73039,-0.853874,0.183794
221,0.00153398,-0.316462,-0.000821018,-0.209644,-0.0171584,0.0151026,0.386115,-0.000451184,0.364309,0.00154252,0.21254,0.00280585,-0.000583211,-0.00794194,-0.355259,4.05849,0.0945719,0.772447,0.0502953,-0.0523159,-0.734412,-0.916014,0.177179
222,0.00153398,-0.313638,-0.000729794,-0.208195,-0.0173166,0.0149445,0.386115,-0.000363858,0.362145,0.0034521,0.206471,-0.00156514,-0.00429825,-0.00640479,-0.380517,4.30437,0.0459637,0.886498,0.0712299,-0.0419778,-0.739386,-0.965831,0.204124
223,0.0015705,-0.310787,-0.000684182,-0.206406,-0.0173166,0.0151026,0.386012,0.000589963,0.361004,0.00388718,0.209795,-0.00126221,0.000358686,-0.00765026,-0.420385,4.44844,0.0452468,0.835966,0.0617231,-0.0628724,-0.74341,-0.997454,0.178775
224,0.00153398,-0.307964,-0.000684182,-0.204616,-0.0172375,0.0150235,0.38591,-0.000407781,0.35944,0.00313482,0.212484,0.000894946,-0.00162359,-0.00865513,-0.362554,4.64344,0.0582129,0.860003,0.0567631,-0.0479881,-0.747757,-1.03093,0.158664
225,0.00153398,-0.30514,-0.000775406,-0.202912,-0.0172375,0.0150235,0.385807,-0.000328855,0.358175,0.000321328,0.212589,0.000721731,-0.00130935,-0.00946539,-0.387812,4.82149,0.109949,0.911204,0.0620824,-0.0532669,-0.752104,-1.08251,0.154444
226,0.0015705,-0.302181,-0.000821018,-0.201122,-0.0173166,0.0151026,0.385807,0.000618676,0.360469,-0.000844699,0.214753,-0.00133152,0.000857633,-0.00763338,-0.42768,4.82986,0.113795,0.9166,0.0677972,-0.0589414,-0.757082,-1.16267,0.142576
227,0.0015705,-0.299357,-0.000821018,-0.199418,-0.0172375,0.0150235,0.385704,0.000498933,0.359,-0.000681209,0.214416,0.000838824,-0.00122099,-0.00864121,-0.407286,5.09277,0.103957,0.967802,0.0578961,-0.0489998,-0.761111,-1.20813,0.141782
228,0.0015705,-0.296452,-0.000684182,-0.197798,-0.0172375,0.0151817,0.385704,0.000402365,0.359799,0.00276113,0.212089,0.000676471,0.00284128,-0.00696872,-0.409719,5.16905,0.0302628,1.02753,0.0632161,-0.0649539,-0.766091,-1.28619,0.153949
229,0.00153398,-0.293384,-0.00063857,-0.196009,-0.0172375,0.0150235,0.385499,-0.000559329,0.364401,0.00333047,0.214347,0.000545541,-0.00153548,-0.0105925,-0.374715,5.09261,0.0409487,1.01428,0.0635945,-0.0447339,-0.769493,-1.37679,0.144066
230,0.0015705,-0.290452,-0.00063857,-0.194049,-0.0173166,0.0149445,0.385499,0.000432301,0.364792,0.00268586,0.220268,-0.0014725,-0.00315074,-0.00854235,-0.437411,5.28768,0.0539146,0.983991,0.0693104,-0.0496185,-0.774797,-1.39887,0.111016
231,0.00153398,-0.287628,-0.000729794,-0.192259,-0.0173166,0.0149445,0.385396,-0.000535038,0.362503,-4.11131e-05,0.220935,-0.0011875,-0.00254092,-0.00937486,-0.37958,5.53366,0.105651,1.04531,0.0647476,-0.0548985,-0.77883,-1.42049,0.105904
232,0.00153398,-0.284587,-0.000729794,-0.190214,-0.0171584,0.0152607,0.385396,-0.000431482,0.365929,-3.31557e-05,0.22767,0.00286938,0.00560495,-0.00756037,-0.40484,5.44029,0.0844093,0.987861,0.0544525,-0.0765859,-0.783815,-1.47253,0.0728449
233,0.0015705,-0.281492,-0.00063857,-0.188339,-0.0172375,0.0150235,0.385293,0.000535396,0.369963,0.00217964,0.228951,0.000401573,-0.0012172,-0.00858209,-0.444709,5.41479,0.0358005,1.04066,0.0700528,-0.041146,-0.787851,-1.54425,0.0715003
234,0.00153398,-0.278424,-0.000592957,-0.186634,-0.0173166,0.0149445,0.38519,-0.000451865,0.372583,0.0028613,0.225874,-0.00158918,-0.00289464,-0.00940683,-0.386879,5.45717,0.0350831,1.11051,0.0708278,-0.0509735,-0.792209,-1.61065,0.0924204
235,0.00153398,-0.275221,-0.000592957,-0.184759,-0.0173166,0.0151026,0.38519,-0.000364407,0.378007,0.0023075,0.227533,-0.00128159,0.00149303,-0.00758615,-0.412138,5.31289,0.0480487,1.08874,0.0662661,-0.0669291,-0.797197,-1.67498,0.0887665
236,0.00153398,-0.272098,-0.000547345,-0.182885,-0.0172375,0.0150235,0.385088,-0.000293877,0.380358,0.00296404,0.228839,0.00087884,-0.000708326,-0.00860281,-0.414571,5.35527,0.0245246,1.10426,0.0613094,-0.0520477,-0.801236,-1.70111,0.0842993
237,0.0015705,-0.268895,-0.000547345,-0.180925,-0.0173166,0.0149445,0.384985,0.000646622,0.384249,0.00239036,0.231968,-0.00120425,-0.00248422,-0.00942348,-0.454441,5.24492,0.0374896,1.09261,0.0719691,-0.0519921,-0.805598,-1.72868,0.0714722
238,0.0015705,-0.265582,-0.000547345,-0.178794,-0.0172375,0.0150235,0.384882,0.00052147,0.390037,0.00192771,0.238631,0.000942372,-8.9864e-05,-0.010086,-0.434048,5.04973,0.0390517,1.04528,0.0620709,-0.062611,-0.80996,-1.74986,0.0416442
239,0.0015705,-0.262433,-0.00063857,-0.176834,-0.0172375,0.0150235,0.384882,0.00042054,0.390752,-0.000652741,0.239872,0.000759977,-7.2471e-05,-0.0081339,-0.436482,5.12602,0.0907872,1.08956,0.0673939,-0.0580093,-0.814953,-1.73889,0.0381705
240,0.0015705,-0.259202,-0.000684182,-0.174703,-0.0172375,0.0150235,0.384882,0.000339145,0.393254,-0.00162943,0.244967,0.000612885,-5.84444e-05,-0.00655959,-0.438916,4.99869,0.0946315,1.04223,0.0677752,-0.0583498,-0.819626,-1.72684,0.0148396
241,0.0015705,-0.255781,-0.000775406,-0.172658,-0.0173166,0.0149445,0.38478,0.000273504,0.39993,-0.00352179,0.247053,-0.00141936,-0.00196075,-0.00777655,-0.44135,4.6847,0.134966,1.05935,0.073494,-0.0533532,-0.82367,-1.75565,0.0127895
242,0.0015705,-0.252469,-0.000684182,-0.170613,-0.0172375,0.0150235,0.38478,0.000220568,0.402647,-0.000633501,0.248711,0.000768039,0.000331431,-0.00627141,-0.443784,4.62521,0.0635529,1.05782,0.0635969,-0.0639731,-0.828667,-1.74047,0.00903833
243,0.0015705,-0.249102,-0.000592957,-0.168312,-0.0172375,0.0150235,0.384677,0.000177877,0.406151,0.00169575,0.256232,0.000619386,0.000267283,-0.0075429,-0.446219,4.42997,0.0377503,0.974801,0.068921,-0.0593723,-0.832714,-1.70125,-0.026255
244,0.0015705,-0.245817,-0.000547345,-0.166011,-0.0173166,0.0149445,0.384574,0.000143449,0.407056,0.00247154,0.262332,-0.00141434,-0.0016983,-0.00856983,-0.448653,4.37046,0.037033,0.947708,0.0746406,-0.0543764,-0.837083,-1.64306,-0.0546632
245,0.00153398,-0.242505,-0.000456121,-0.163625,-0.0172375,0.0151817,0.384574,-0.000767666,0.408382,0.00419952,0.26927,0.000771809,0.00436763,-0.00691115,-0.413652,4.2261,-0.000174663,0.893451,0.0647443,-0.0756716,-0.842083,-1.5844,-0.0867131
246,0.0015705,-0.239165,-0.000501733,-0.161068,-0.0172375,0.0150235,0.384471,0.000264418,0.410122,0.00228335,0.278998,0.000622427,-0.000303193,-0.00805892,-0.476349,4.06476,0.0492793,0.803507,0.0700692,-0.0505137,-0.846133,-1.51509,-0.132806
247,0.00153398,-0.235826,-0.00063857,-0.158767,-0.0173957,0.0150235,0.384471,-0.000670816,0.411576,-0.00147075,0.280694,-0.00332591,-0.00024451,-0.00649913,-0.418521,3.92037,0.114698,0.832339,0.0811269,-0.0607398,-0.851135,-1.47509,-0.13378
248,0.00153398,-0.232513,-0.000729794,-0.15621,-0.0171584,0.0152607,0.384369,-0.000540981,0.412027,-0.00339242,0.288201,0.00305502,0.00554002,-0.0077262,-0.443782,3.80991,0.132227,0.723751,0.0556152,-0.0770941,-0.855188,-1.40318,-0.168773
249,0.00153398,-0.229228,-0.000775406,-0.153824,-0.0172375,0.0150235,0.384266,-0.000436275,0.411754,-0.00383926,0.290146,0.000550847,-0.00127088,-0.0087164,-0.446217,3.71641,0.136073,0.725418,0.0761617,-0.0465999,-0.859563,-1.35123,-0.173302
250,0.0015705,-0.225835,-0.000729794,-0.151438,-0.0172375,0.0150235,0.384163,0.000532048,0.414191,-0.00199235,0.291736,0.000444232,-0.0010249,-0.00951583,-0.486088,3.47018,0.10115,0.689801,0.0716037,-0.0617686,-0.863939,-1.31654,-0.174073
251,0.00153398,-0.222549,-0.000592957,-0.148881,-0.0172375,0.0150235,0.384163,-0.000454336,0.413484,0.00170299,0.297109,0.000358251,-0.000826532,-0.00767405,-0.42826,3.42755,0.0388596,0.599854,0.0719879,-0.0621117,-0.868946,-1.24575,-0.199528
252,0.0015705,-0.219319,-0.000547345,-0.146751,-0.0172375,0.0150235,0.384163,0.000517188,0.411618,0.00247685,0.291147,0.000288912,-0.000666558,-0.00618875,-0.490958,3.38492,0.0495459,0.683012,0.0723724,-0.0624551,-0.873632,-1.21944,-0.163945
253,0.00153398,-0.215952,-0.000456121,-0.144535,-0.0173166,0.0151026,0.38406,-0.00046682,0.413425,0.00420519,0.28842,-0.00168062,0.00137607,-0.00747747,-0.43313,3.13865,0.0123389,0.645796,0.0780945,-0.068136,-0.877691,-1.20435,-0.144921
254,0.00153398,-0.21264,-0.000456121,-0.142405,-0.0172375,0.0150235,0.38406,-0.000376467,0.413529,0.00339128,0.284132,0.000557321,-0.000802929,-0.00603022,-0.458392,3.04509,0.0367069,0.654385,0.0682006,-0.0582009,-0.882701,-1.18357,-0.120482
255,0.0015705,-0.209436,-0.000456121,-0.140444,-0.0172375,0.0150235,0.383958,0.000579943,0.410993,0.0027349,0.276556,0.000449452,-0.000647523,-0.00734861,-0.498264,3.05333,0.0382689,0.698661,0.0735278,-0.0634869,-0.886762,-1.16032,-0.0820766
256,0.00153398,-0.206096,-0.000410509,-0.138314,-0.0173166,0.0151026,0.383855,-0.000416412,0.412283,0.00330968,0.274602,-0.00155159,0.00139185,-0.00841341,-0.440436,2.824,0.0147444,0.651324,0.0792507,-0.0691685,-0.891145,-1.14628,-0.0721344
257,0.00153398,-0.202947,-0.000501733,-0.136183,-0.0173166,0.0149445,0.383855,-0.000335816,0.40864,0.000463272,0.27297,-0.00125128,-0.00270147,-0.00678501,-0.465699,2.91707,0.0778822,0.641271,0.0746949,-0.0538968,-0.896158,-1.09147,-0.0687835
258,0.00153398,-0.199852,-0.000501733,-0.134223,-0.0172375,0.0150235,0.383752,-0.00027082,0.404431,0.000373607,0.267559,0.00090394,-0.000265565,-0.00795757,-0.468135,2.95923,0.0566391,0.685546,0.069744,-0.0694625,-0.900222,-1.05449,-0.0452106
259,0.0015705,-0.196594,-0.000501733,-0.132178,-0.0172375,0.0151817,0.383649,0.000665447,0.404997,0.000301296,0.265269,0.000728984,0.00361282,-0.00890378,-0.507996,2.75685,0.0581971,0.664212,0.0750643,-0.0755329,-0.904592,-1.05755,-0.0352914
260,0.00153398,-0.193444,-0.000501733,-0.130133,-0.0172375,0.0150235,0.383649,-0.000346767,0.402788,0.00024298,0.263398,0.00058789,-0.000911549,-0.00718047,-0.450118,2.76613,0.0597358,0.657423,0.0754162,-0.0552892,-0.909532,-1.03244,-0.0315438
261,0.00153398,-0.190404,-0.000501733,-0.128258,-0.0173166,0.0151026,0.383547,-0.000279651,0.398388,0.000195952,0.257772,-0.00143869,0.00117767,-0.00827618,-0.475308,2.82689,0.0612615,0.703144,0.0811011,-0.0708207,-0.913485,-1.00316,-0.0103355
262,0.00153398,-0.187254,-0.000501733,-0.126383,-0.0171584,0.0151026,0.383444,-0.000225525,0.397494,0.000158026,0.253251,0.00266666,0.000949737,-0.00916067,-0.477653,2.66849,0.0627749,0.709958,0.0658302,-0.0661872,-0.917724,-1.02313,0.00627604
263,0.0015705,-0.184213,-0.000501733,-0.124423,-0.0172375,0.0150235,0.383444,0.000701698,0.394123,0.00012744,0.251653,0.000237641,-0.00114697,-0.00738763,-0.517415,2.69817,0.0642758,0.687984,0.0813939,-0.0611561,-0.922559,-0.995935,0.00408289
264,0.00153398,-0.181308,-0.000456121,-0.122633,-0.0173957,0.0150235,0.383341,-0.000317719,0.388123,0.00120626,0.246243,-0.00363427,-0.000924978,-0.00844346,-0.459459,2.81412,0.0406777,0.737356,0.087467,-0.0664019,-0.926408,-0.946259,0.0204503
265,0.00153398,-0.178295,-0.000410509,-0.120758,-0.0171584,0.0151026,0.383341,-0.000256225,0.385928,0.00207653,0.243951,0.00280932,0.00116745,-0.00680924,-0.484573,2.69394,0.0284695,0.720656,0.0619098,-0.0720408,-0.931173,-0.957552,0.0220254
266,0.00153398,-0.175335,-0.000456121,-0.118969,-0.0172375,0.0150235,0.383238,-0.000206633,0.382809,0.000571415,0.240021,0.000353109,-0.000970984,-0.00797639,-0.486841,2.69397,0.0664215,0.748138,0.0824083,-0.0620614,-0.934953,-0.958346,0.031728
267,0.0015705,-0.17243,-0.000410509,-0.117179,-0.0173957,0.0150235,0.383238,0.000717036,0.379005,0.0015644,0.236865,-0.00354146,-0.000783052,-0.00643257,-0.526526,2.7124,0.0313824,0.755355,0.0884741,-0.0673006,-0.939648,-0.941562,0.0365352
268,0.0015705,-0.169525,-0.000456121,-0.115304,-0.0172375,0.0150235,0.383136,0.000578255,0.37595,0.000157815,0.236391,0.000970964,-0.000631493,-0.00767394,-0.505929,2.68135,0.0693096,0.733783,0.068247,-0.0675957,-0.943359,-0.933005,0.0273336
269,0.00153398,-0.166702,-0.000364897,-0.113515,-0.0172375,0.0150235,0.383136,-0.000417021,0.371478,0.00233362,0.233923,0.000783036,-0.000509269,-0.00618866,-0.470704,2.73657,0.00915904,0.756394,0.0784592,-0.0678886,-0.947985,-0.898164,0.0286081
270,0.00153398,-0.163878,-0.000456121,-0.111725,-0.0172375,0.0150235,0.383033,-0.000336307,0.367887,-0.000324935,0.231942,0.00063148,-0.000410701,-0.00747645,-0.495722,2.72535,0.0835503,0.758739,0.0787851,-0.0681794,-0.951627,-0.886706,0.0278009
271,0.00153398,-0.161109,-0.000547345,-0.10985,-0.0172375,0.0150235,0.383033,-0.000271215,0.363698,-0.0024696,0.23242,0.000509258,-0.00033121,-0.0060294,-0.497894,2.76646,0.112319,0.732296,0.0791086,-0.068468,-0.956184,-0.847547,0.0135414
272,0.00153398,-0.158339,-0.00063857,-0.107975,-0.0171584,0.0151026,0.38293,-0.000218722,0.360297,-0.00419841,0.232791,0.0023235,0.0016457,-0.00734791,-0.500047,2.7581,0.141076,0.722871,0.0740923,-0.0740916,-0.959756,-0.83538,0.000847727
273,0.0015705,-0.155652,-0.000592957,-0.106015,-0.0172375,0.0150235,0.38293,0.000707074,0.355579,-0.0022825,0.235147,-3.88626e-05,-0.000585473,-0.00592574,-0.539617,2.83601,0.0945623,0.684658,0.0846899,-0.0640969,-0.964244,-0.771977,-0.0227772
274,0.0015705,-0.153018,-0.000547345,-0.10414,-0.0173166,0.0149445,0.38293,0.000570221,0.350496,-0.000736805,0.235011,-0.00194506,-0.00238587,-0.00477882,-0.518905,2.91536,0.0822446,0.690627,0.0854014,-0.0639836,-0.968376,-0.706067,-0.031876
275,0.00153398,-0.150303,-0.000456121,-0.10218,-0.0172375,0.0150235,0.382827,-0.000423528,0.348325,0.00161223,0.236933,0.000343886,-1.161e-05,-0.00633896,-0.483565,2.84342,0.0448271,0.649165,0.0754362,-0.0745423,-0.971844,-0.742216,-0.0514479
276,0.00153398,-0.147669,-0.000501733,-0.100561,-0.0172375,0.0150235,0.382725,-0.000341555,0.344622,0.000196674,0.230249,0.000277327,-9.36289e-06,-0.0075978,-0.508468,2.90866,0.0940588,0.733379,0.0806894,-0.069878,-0.975598,-0.745566,-0.0235759
277,0.00153398,-0.145036,-0.000547345,-0.0987713,-0.0173166,0.0151026,0.382725,-0.000275447,0.341652,-0.000945189,0.228993,-0.00168984,0.00190595,-0.00612726,-0.510525,2.90746,0.10907,0.687071,0.0863356,-0.0754908,-0.979947,-0.756382,-0.0271031
278,0.00153398,-0.142348,-0.000592957,-0.0971521,-0.0173166,0.0149445,0.382622,-0.000222135,0.340549,-0.00186567,0.223843,-0.00136278,-0.00228864,-0.00742689,-0.512563,2.82285,0.124069,0.730753,0.0817003,-0.0601478,-0.983311,-0.856862,-0.00877201
279,0.0015705,-0.139769,-0.000547345,-0.0955329,-0.0172375,0.0150235,0.382622,0.00070446,0.337036,-0.000401092,0.219692,0.000813937,6.7272e-05,-0.00598942,-0.552017,2.89238,0.0888831,0.735526,0.0766673,-0.0756397,-0.987591,-0.844547,0.00254667
280,0.00153398,-0.137189,-0.000501733,-0.0940842,-0.0172375,0.0150235,0.382519,-0.000315648,0.334214,0.000780222,0.212226,0.000656401,5.42516e-05,-0.00731631,-0.493754,2.87849,0.0764903,0.793004,0.0819107,-0.0709666,-0.990885,-0.875119,0.0317865
281,0.0015705,-0.13461,-0.000547345,-0.0925502,-0.0172375,0.0150235,0.382519,0.000628883,0.331915,-0.000474068,0.208255,0.000529355,4.37513e-05,-0.00590025,-0.555997,2.84907,0.114258,0.78441,0.0822098,-0.0712332,-0.995095,-0.916443,0.0405701
282,0.00153398,-0.132004,-0.000547345,-0.090931,-0.0173166,0.0149445,0.382416,-0.000376498,0.330734,-0.000382313,0.207123,-0.00148618,-0.0018778,-0.00724412,-0.497696,2.77017,0.10412,0.76567,0.0878437,-0.0661604,-0.99832,-0.995727,0.0339291
283,0.00153398,-0.129587,-0.000592957,-0.0893118,-0.0173166,0.0149445,0.382416,-0.000303627,0.325196,-0.00141211,0.206219,-0.00119853,-0.00151435,-0.00584203,-0.522464,2.93026,0.130461,0.763948,0.0831962,-0.0713643,-1.00246,-0.86709,0.0262368
284,0.00153398,-0.12709,-0.000592957,-0.0876926,-0.0171584,0.0151026,0.382314,-0.000244861,0.322668,-0.0011388,0.205468,0.00285837,0.00260368,-0.00719637,-0.524387,2.85422,0.120299,0.760603,0.0728136,-0.0822986,-1.00562,-0.892123,0.0185096
285,0.00153398,-0.124646,-0.000684182,-0.0861586,-0.0173166,0.0149445,0.382314,-0.000197468,0.319333,-0.00312539,0.202812,-0.00152083,-0.00172622,-0.00580352,-0.52629,2.88143,0.171702,0.782797,0.093661,-0.0619982,-1.00969,-0.882513,0.0217803
286,0.00153398,-0.122311,-0.000775406,-0.0845394,-0.0173166,0.0149445,0.382211,-0.000159249,0.314025,-0.00472784,0.202738,-0.00122647,-0.00139212,-0.0071664,-0.528174,2.9949,0.200288,0.757562,0.0840642,-0.0721374,-1.01277,-0.77022,0.0105462
287,0.00153398,-0.119786,-0.000912242,-0.0829202,-0.0172375,0.0150235,0.382211,-0.000128426,0.314326,-0.00712293,0.202668,0.000923688,0.000790104,-0.00577935,-0.530039,2.78741,0.253949,0.749344,0.0790115,-0.0777278,-1.01677,-0.937955,0.000289661
288,0.00153398,-0.117451,-0.000821018,-0.0813862,-0.0173166,0.0149445,0.382108,-0.00010357,0.309977,-0.00353731,0.200554,-0.00116806,-0.00127579,-0.00714647,-0.531885,2.92071,0.170764,0.766667,0.0895726,-0.0676998,-1.01979,-0.873025,0.0014034
289,0.00153398,-0.115144,-0.000684182,-0.079767,-0.0172375,0.0150235,0.382108,-8.35239e-05,0.305831,0.000458858,0.200923,0.000971592,0.000884714,-0.00576328,-0.533711,2.95363,0.119494,0.73656,0.079573,-0.0782277,-1.02372,-0.814826,-0.0112617
290,0.00153398,-0.112836,-0.000547345,-0.0780626,-0.0173166,0.0149445,0.382005,-6.73579e-05,0.302476,0.00368095,0.203275,-0.00112967,-0.00119973,-0.00713384,-0.535518,2.95405,0.0796116,0.696306,0.0901291,-0.0681952,-1.02667,-0.793572,-0.0343117
291,0.0015705,-0.11061,-0.000547345,-0.0762729,-0.0172375,0.0150235,0.381903,0.00082902,0.297777,0.00296851,0.207215,0.00100136,0.00094486,-0.00823804,-0.574743,3.04074,0.114975,0.645906,0.0801246,-0.0787186,-1.0299,-0.704528,-0.0654051
292,0.00153398,-0.108465,-0.000592957,-0.0744833,-0.0172375,0.0150235,0.381903,-0.000215371,0.292053,0.00129006,0.210422,0.00080755,0.000761984,-0.00664358,-0.516249,3.16281,0.141203,0.612524,0.0853385,-0.074019,-1.03373,-0.574685,-0.0913339
293,0.00153398,-0.106211,-0.00063857,-0.0728641,-0.0172375,0.0150235,0.381903,-0.000173686,0.290025,-6.27416e-05,0.208855,0.00065125,0.000614503,-0.00535773,-0.540825,3.08268,0.156017,0.631846,0.085608,-0.0742591,-1.0372,-0.650654,-0.0903607
294,0.0015705,-0.104039,-0.00063857,-0.0713301,-0.0172375,0.0150235,0.3818,0.000743475,0.286435,-5.05981e-05,0.20554,0.000525202,0.000495567,-0.00680627,-0.579992,3.15671,0.145732,0.639424,0.085875,-0.074497,-1.04001,-0.650614,-0.0806802
295,0.00153398,-0.101867,-0.000729794,-0.0698813,-0.0171584,0.0151026,0.3818,-0.000284312,0.28356,-0.00224849,0.200819,0.00233712,0.00231323,-0.00548893,-0.52144,3.16429,0.197012,0.653901,0.0808022,-0.0800699,-1.04373,-0.688535,-0.0642787
296,0.0015705,-0.0995866,-0.000729794,-0.068603,-0.0173166,0.0149445,0.3818,0.000654193,0.283844,-0.0018133,0.192873,-0.00194059,-0.00195986,-0.00442656,-0.583396,3.02059,0.175301,0.702439,0.0966804,-0.0646871,-1.0471,-0.87987,-0.0313507
297,0.0015705,-0.097496,-0.000592957,-0.0674099,-0.0173166,0.0149445,0.381697,0.000527575,0.279482,0.00184809,0.184407,-0.00156499,-0.00158053,-0.00605547,-0.562242,3.16677,0.101123,0.739234,0.0870564,-0.0748018,-1.0498,-0.849016,0.00179366
298,0.00153398,-0.0952969,-0.000456121,-0.0661316,-0.0172375,0.0150235,0.381594,-0.000458424,0.27861,0.00480192,0.179651,0.000651483,0.000638948,-0.00736993,-0.52646,3.0429,0.0611402,0.728599,0.0819764,-0.0803678,-1.05279,-0.960245,0.0143165
299,0.00153398,-0.0931249,-0.000456121,-0.0649385,-0.0173166,0.0149445,0.381492,-0.000369697,0.27722,0.00387252,0.173738,-0.00138712,-0.00139723,-0.00842861,-0.550921,3.00529,0.0964027,0.762146,0.0925102,-0.0703152,-1.05574,-1.04495,0.0325763
300,0.0015705,-0.0910886,-0.000592957,-0.063575,-0.0172375,0.0150235,0.381492,0.000585454,0.272827,-0.000187434,0.173098,0.000794292,0.000786139,-0.00679727,-0.589973,3.10485,0.172704,0.721099,0.0824834,-0.0808186,-1.05929,-0.974327,0.0221371
301,0.0015705,-0.0891338,-0.000684182,-0.0622114,-0.0171584,0.0151026,0.381492,0.00047214,0.267332,-0.00235894,0.172596,0.00255421,0.00254764,-0.00548167,-0.568742,3.20585,0.189698,0.715712,0.0823376,-0.0814362,-1.06248,-0.867414,0.0117751
302,0.00153398,-0.0870975,-0.000729794,-0.0608479,-0.0172375,0.0150235,0.381492,-0.000502575,0.264838,-0.00300552,0.172168,0.00014748,0.000142178,-0.0044207,-0.532883,3.1386,0.192999,0.708702,0.0928636,-0.0713773,-1.06564,-0.89307,0.00247673
303,0.00153398,-0.0850884,-0.00063857,-0.0595696,-0.0172375,0.0150235,0.381389,-0.000405302,0.262187,-0.000216734,0.169772,0.000118936,0.00011466,-0.00605088,-0.557268,3.14065,0.13243,0.727231,0.0881662,-0.0765369,-1.06813,-0.918281,0.00401875
304,0.0015705,-0.0830522,-0.000592957,-0.0583765,-0.0171584,0.0149445,0.381389,0.000557013,0.260719,0.000929034,0.165786,0.00200945,-0.00182107,-0.00487974,-0.596242,3.07626,0.131144,0.752659,0.083071,-0.0714151,-1.07154,-0.991868,0.0140968
305,0.0015705,-0.0810702,-0.000547345,-0.0573538,-0.0172375,0.0150235,0.381286,0.000449204,0.258195,0.00185245,0.158434,-0.000291988,0.00044391,-0.00642039,-0.574935,3.08117,0.118441,0.81215,0.0935895,-0.0819073,-1.07396,-1.03823,0.0403048
306,0.00153398,-0.0791697,-0.000547345,-0.056246,-0.0172375,0.0150235,0.381286,-0.000521312,0.254199,0.00149391,0.154571,-0.000235474,0.000357992,-0.00517773,-0.538999,3.13841,0.130812,0.805568,0.0888846,-0.0771764,-1.0773,-1.01257,0.0471595
307,0.0015705,-0.0772692,-0.000547345,-0.0551381,-0.0173166,0.0149445,0.381183,0.000463752,0.251007,0.00120477,0.151474,-0.00210407,-0.00162547,-0.00666286,-0.600743,3.12921,0.131768,0.816004,0.0944564,-0.0720478,-1.07965,-1.01408,0.0504793
308,0.00153398,-0.0753415,-0.000592957,-0.0541154,-0.0172375,0.0150235,0.381183,-0.000509172,0.249037,-0.000131352,0.146885,0.000215176,0.000601145,-0.00537327,-0.541942,3.07053,0.157797,0.851982,0.0844096,-0.0825333,-1.08292,-1.06602,0.0616347
309,0.0015705,-0.0734682,-0.000547345,-0.0529223,-0.0172375,0.0150235,0.381081,0.000472991,0.246159,0.00099757,0.14732,0.000173529,0.000484794,-0.006819,-0.603647,3.08116,0.122239,0.813364,0.089581,-0.0777956,-1.0852,-1.05453,0.0475845
310,0.00153398,-0.0717577,-0.000501733,-0.0515588,-0.0173166,0.0149445,0.381081,-0.000502375,0.239906,0.00190825,0.151803,-0.00177348,-0.00152246,-0.0054992,-0.544807,3.24593,0.109473,0.756079,0.0951454,-0.0726603,-1.0884,-0.920142,0.0133124
311,0.00153398,-0.0699658,-0.000410509,-0.0501953,-0.0172375,0.0150235,0.381081,-0.000405141,0.236819,0.00374565,0.155406,0.000482529,0.000684965,-0.00443484,-0.569038,3.19155,0.0716077,0.734454,0.0850909,-0.0831389,-1.09124,-0.898134,-0.0133841
312,0.00153398,-0.0682825,-0.000228061,-0.0487465,-0.0172375,0.0150235,0.380978,-0.000326726,0.231703,0.00743413,0.160373,0.000389136,0.000552391,-0.00606189,-0.570422,3.30828,-0.00504182,0.68404,0.0902549,-0.0783945,-1.09342,-0.813322,-0.0465539
313,0.0015705,-0.0666264,-0.000273673,-0.047383,-0.0171584,0.0149445,0.380978,0.000620411,0.226938,0.00489141,0.162332,0.00222742,-0.00146812,-0.00488862,-0.609224,3.37554,0.0665326,0.677809,0.085137,-0.0732524,-1.09651,-0.765096,-0.0637054
314,0.00153398,-0.064943,-0.000456121,-0.0460194,-0.0172375,0.0150235,0.380875,-0.000383061,0.223728,-0.000468204,0.163893,-0.000116194,0.00072853,-0.00642753,-0.550307,3.37637,0.15634,0.651311,0.0956329,-0.0837242,-1.09862,-0.764919,-0.0779131
315,0.00153398,-0.0632869,-0.000775406,-0.0446559,-0.0172375,0.0150235,0.380875,-0.00030892,0.220494,-0.00810208,0.16516,-9.37051e-05,0.000587524,-0.00518349,-0.574461,3.41256,0.287189,0.623189,0.0909054,-0.078973,-1.10164,-0.764611,-0.0905653
316,0.00153398,-0.061685,-0.000912242,-0.043548,-0.0173166,0.0149445,0.380875,-0.000249129,0.216577,-0.0098449,0.16,-0.00198882,-0.00143944,-0.00418024,-0.575768,3.48412,0.283475,0.674935,0.0964546,-0.0738241,-1.10431,-0.788928,-0.0731261
317,0.00153398,-0.0599474,-0.00063857,-0.0425254,-0.0172375,0.0150235,0.380875,-0.000200911,0.216694,-0.00131896,0.153772,0.000308943,0.00075199,-0.00337116,-0.577056,3.33653,0.0995829,0.696296,0.086385,-0.0842892,-1.10694,-0.908695,-0.0497089
318,0.0015705,-0.058237,-0.000410509,-0.0417584,-0.0172375,0.0150235,0.380772,0.000721618,0.216136,0.004454,0.142566,0.000249147,0.000606443,-0.00520448,-0.615762,3.29217,0.0433878,0.778883,0.0915338,-0.0795311,-1.10891,-1.03333,-0.00525374
319,0.0015705,-0.056608,-0.000228061,-0.041247,-0.0173166,0.0149445,0.380772,0.00058195,0.213722,0.00800686,0.127346,-0.00171245,-0.00142431,-0.00419716,-0.594185,3.31711,0.000860288,0.885413,0.0970754,-0.0743754,-1.11179,-1.13938,0.0534043
320,0.00153398,-0.0548975,-0.000273673,-0.0403948,-0.0171584,0.0149445,0.380772,-0.000414291,0.213737,0.00535365,0.123316,0.00244491,-0.00114864,-0.00338481,-0.55798,3.17379,0.0723477,0.825736,0.0816609,-0.0794963,-1.11432,-1.20599,0.0603787
321,0.0015705,-0.0532957,-0.000410509,-0.0395426,-0.0173166,0.0149445,0.380772,0.000549414,0.211119,0.00100732,0.120064,-0.00185385,-0.000926322,-0.00272968,-0.619455,3.20159,0.136982,0.839004,0.102418,-0.0796731,-1.11681,-1.20829,0.0624824
322,0.0015705,-0.0517752,-0.000592957,-0.03852,-0.0172375,0.0150235,0.38067,0.000443076,0.207048,-0.00360262,0.121572,0.000418366,0.00116637,-0.00468763,-0.59782,3.24778,0.203886,0.79632,0.0873942,-0.0851848,-1.11864,-1.14917,0.0429942
323,0.00153398,-0.0502548,-0.000684182,-0.0373269,-0.0172375,0.0150235,0.380567,-0.000526164,0.203752,-0.00511201,0.126902,0.000337392,0.000940621,-0.0062657,-0.561557,3.22752,0.209204,0.734968,0.0925303,-0.0804153,-1.12075,-1.08111,0.00863737
324,0.00153398,-0.048843,-0.000775406,-0.036219,-0.0173166,0.0149445,0.380567,-0.000424326,0.198483,-0.00633028,0.129152,-0.00164148,-0.00115501,-0.00505298,-0.585538,3.32748,0.237317,0.73644,0.0980592,-0.0752482,-1.12346,-1.00933,-0.0115073
325,0.0015705,-0.0474855,-0.000775406,-0.0348555,-0.0172375,0.0150235,0.380567,0.000541354,0.192907,-0.00510506,0.137141,0.000589067,0.000981386,-0.00407498,-0.624109,3.4119,0.215247,0.636153,0.0879693,-0.0856951,-1.12581,-0.89864,-0.0564314
326,0.0015705,-0.0460194,-0.000684182,-0.0336624,-0.0171584,0.0149445,0.380464,0.000436576,0.191034,-0.00191036,0.139457,0.00238771,-0.00112121,-0.00577157,-0.602397,3.3111,0.165796,0.644496,0.0877605,-0.0755815,-1.12749,-0.896849,-0.0715754
327,0.0015705,-0.0446891,-0.000456121,-0.0324693,-0.0172375,0.0150235,0.380464,0.000352077,0.186243,0.00397648,0.141328,1.27321e-05,0.00100863,-0.00465449,-0.603494,3.43232,0.0638776,0.613931,0.0982234,-0.0860237,-1.1301,-0.85351,-0.0868532
328,0.0015705,-0.0433316,-0.000182448,-0.0312762,-0.0172375,0.0150235,0.380361,0.000283933,0.183047,0.00982967,0.142847,1.02678e-05,0.000813415,-0.00624003,-0.604571,3.41922,-0.0289345,0.581742,0.0934628,-0.0812428,-1.13171,-0.839033,-0.0991441
329,0.00153398,-0.0419469,-0.000136836,-0.030424,-0.0172375,0.0150235,0.380361,-0.000654381,0.181108,0.00903034,0.135811,8.28052e-06,0.00065598,-0.00503229,-0.568193,3.37362,0.0150729,0.656585,0.0936417,-0.0814016,-1.13424,-0.908423,-0.0733108
330,0.0015705,-0.0405894,-0.000228061,-0.0295717,-0.0172375,0.0150235,0.380361,0.000355894,0.178897,0.00507551,0.130143,6.67784e-06,0.000529016,-0.0040583,-0.629494,3.36339,0.0773119,0.655236,0.093818,-0.081558,-1.13642,-0.955964,-0.0554742
331,0.00153398,-0.0392047,-0.000456121,-0.02889,-0.0172375,0.0150235,0.380361,-0.000596896,0.177782,-0.00142618,0.121453,5.38535e-06,0.000426626,-0.00327282,-0.57025,3.2867,0.180591,0.706592,0.0939917,-0.0817122,-1.13856,-1.03784,-0.0251016
332,0.00153398,-0.0378472,-0.000729794,-0.0282934,-0.0172375,0.0150235,0.380259,-0.000481368,0.176209,-0.00776979,0.112376,4.34303e-06,0.000344053,-0.00512458,-0.594077,3.24538,0.274739,0.746204,0.0941629,-0.0818641,-1.14003,-1.11054,0.00475344
333,0.00153398,-0.0364626,-0.000957854,-0.0275264,-0.0172375,0.0150235,0.380259,-0.0003882,0.175601,-0.0117832,0.109181,3.50244e-06,0.000277462,-0.00413273,-0.595057,3.13762,0.332389,0.711221,0.0943315,-0.0820136,-1.14242,-1.13761,0.00961076
334,0.00153398,-0.0352137,-0.00086663,-0.0267594,-0.0173166,0.0149445,0.380259,-0.000313064,0.171835,-0.00729516,0.106608,-0.00191053,-0.00168959,-0.00333285,-0.596018,3.20096,0.225826,0.711899,0.0998349,-0.0768236,-1.14446,-1.11717,0.0094426
335,0.0015705,-0.0339919,-0.000547345,-0.0259925,-0.0172375,0.0150235,0.380259,0.000631121,0.168134,0.00184112,0.10453,0.000372184,0.000550358,-0.00268778,-0.634397,3.19785,0.0736379,0.710953,0.0897194,-0.0872475,-1.14645,-1.0971,0.0076434
336,0.0015705,-0.0328788,-0.000228061,-0.0249698,-0.0171584,0.0149445,0.380156,0.000508969,0.162519,0.0092084,0.109037,0.00221291,-0.00146893,-0.004653,-0.612493,3.29799,-0.0215529,0.626891,0.089485,-0.0771109,-1.14779,-1.00037,-0.0224319
337,0.0015705,-0.0318199,9.12242e-05,-0.0238619,-0.0172375,0.0150235,0.380156,0.000410459,0.156689,0.0151529,0.114744,-0.000128932,0.000728921,-0.00375242,-0.613397,3.3826,-0.116761,0.569966,0.0999223,-0.0875302,-1.15004,-0.902092,-0.0559805
338,0.0015705,-0.0307339,9.12242e-05,-0.022754,-0.0172375,0.0150235,0.380053,0.000331015,0.152628,0.0122201,0.11933,-0.000103978,0.000587839,-0.00551113,-0.614282,3.38379,-0.0363806,0.530059,0.0951361,-0.0827262,-1.1513,-0.843068,-0.0820315
339,0.00153398,-0.0296751,-0.000319285,-0.0217314,-0.0171584,0.0149445,0.380053,-0.000616574,0.148701,-7.55531e-05,0.120973,0.00182892,-0.00143871,-0.00444446,-0.577711,3.42036,0.189946,0.515692,0.089952,-0.0775247,-1.15348,-0.815631,-0.095035
340,0.0015705,-0.0286434,-0.000775406,-0.020794,-0.0172375,0.0150235,0.380053,0.000386739,0.144891,-0.0111004,0.120247,-0.000438822,0.000753509,-0.00358424,-0.63882,3.45835,0.338727,0.508223,0.100382,-0.087937,-1.1553,-0.812082,-0.0981413
341,0.00153398,-0.0276117,-0.00104908,-0.0199418,-0.0172375,0.0150235,0.37995,-0.000571903,0.141812,-0.0155743,0.117595,-0.000353889,0.000607668,-0.00537673,-0.579383,3.46385,0.375753,0.507652,0.0955876,-0.0831261,-1.15646,-0.833112,-0.0931952
342,0.0015705,-0.0265257,-0.00104908,-0.01926,-0.0171584,0.0149445,0.37995,0.000422051,0.140628,-0.0125599,0.111323,0.00162682,-0.00142216,-0.00433607,-0.640454,3.38593,0.307862,0.541143,0.0903958,-0.0779176,-1.15853,-0.903587,-0.0727527
343,0.0015705,-0.0254668,-0.000821018,-0.0187487,-0.0172375,0.0150235,0.37995,0.000340364,0.139034,-0.00460999,0.10215,-0.000601534,0.000766583,-0.00349683,-0.618415,3.36034,0.182944,0.590054,0.100818,-0.088323,-1.16025,-0.989896,-0.0425169
344,0.00153398,-0.0244622,-0.000228061,-0.0183225,-0.0173166,0.0149445,0.379848,-0.000608957,0.136423,0.010625,0.092686,-0.00239772,-0.0012944,-0.00530527,-0.581748,3.37012,-0.0856676,0.627222,0.101353,-0.0781679,-1.1613,-1.06299,-0.0138169
345,0.00153398,-0.0234577,0.000273673,-0.0179817,-0.0171584,0.0149445,0.379848,-0.000491095,0.13432,0.0207061,0.0829932,0.00189201,-0.00104387,-0.00427844,-0.605324,3.33042,-0.212904,0.671288,0.0858747,-0.0832313,-1.16327,-1.14136,0.0147382
346,0.00153398,-0.0224803,0.000456121,-0.0178112,-0.0171584,0.0151026,0.379848,-0.000396044,0.131974,0.0211135,0.0710545,0.00152582,0.00298506,-0.00345036,-0.606054,3.30911,-0.187361,0.749416,0.0958933,-0.0940251,-1.16488,-1.23754,0.0502966
347,0.00153398,-0.0213943,0.000182448,-0.017726,-0.0171584,0.0151026,0.379848,-0.00031939,0.132702,0.0104068,0.0593636,0.0012305,0.00240731,-0.00278254,-0.606765,3.11955,0.00921312,0.815802,0.0960255,-0.0842586,-1.16645,-1.36386,0.0860293
348,0.0015705,-0.0204169,-0.000364897,-0.0176408,-0.0172375,0.0150235,0.379848,0.00062599,0.130663,-0.00484862,0.0499355,-0.000920532,2.85085e-05,-0.00224399,-0.644893,3.11806,0.242268,0.861921,0.101492,-0.0790365,-1.16799,-1.42678,0.10961
349,0.00153398,-0.0195209,-0.000957854,-0.0175556,-0.0172375,0.0150235,0.379745,-0.000379028,0.127055,-0.0182597,0.0423329,-0.000742365,2.29907e-05,-0.00429608,-0.585302,3.13497,0.431988,0.906418,0.0966778,-0.0840909,-1.16887,-1.45202,0.12455
350,0.00153398,-0.0185978,-0.00132275,-0.0173851,-0.0172375,0.0150235,0.379745,-0.000305668,0.124795,-0.0235528,0.0382626,-0.000598681,1.85409e-05,-0.00346458,-0.608782,3.05149,0.484869,0.922127,0.0968025,-0.0842011,-1.17066,-1.45966,0.12776
351,0.00153398,-0.0176747,-0.00123153,-0.0172147,-0.0171584,0.0149445,0.379745,-0.000246506,0.122972,-0.0167874,0.0349802,0.00143001,-0.00189787,-0.00279401,-0.609416,2.96944,0.343892,0.954854,0.0915874,-0.0789716,-1.17209,-1.46516,0.129221
352,0.00153398,-0.0169145,-0.000684182,-0.016959,-0.0172375,0.0150235,0.379642,-0.000198796,0.117568,-0.000291974,0.0343971,-0.000760356,0.000383053,-0.00473975,-0.61003,3.07546,0.0660642,0.958794,0.101986,-0.089356,-1.17286,-1.39777,0.118542
353,0.00153398,-0.0162086,0.000228061,-0.0163625,-0.0171584,0.0149445,0.379642,-0.000160319,0.111886,0.0218283,0.0421679,0.00129925,-0.00160352,-0.00382238,-0.610625,3.13202,-0.298448,0.871096,0.0918235,-0.0791799,-1.17454,-1.2465,0.0785231
354,0.0015705,-0.0156113,0.000957854,-0.0155955,-0.0172375,0.0148654,0.379642,0.000754369,0.104682,0.0352603,0.0525632,-0.000865296,-0.00320624,-0.00308257,-0.648637,3.27484,-0.471416,0.802013,0.102217,-0.078885,-1.17587,-1.06427,0.0299808
355,0.0015705,-0.0150412,0.00136836,-0.0145728,-0.0171584,0.0151026,0.379642,0.000608362,0.0982172,0.0383689,0.0671349,0.00121548,0.00315421,-0.00248594,-0.626368,3.3682,-0.514413,0.687098,0.0920491,-0.0999367,-1.17716,-0.865122,-0.0311655
356,0.00153398,-0.0145525,0.00118591,-0.0133797,-0.0171584,0.0149445,0.37954,-0.000392882,0.0910291,0.0265292,0.083002,0.000980223,-0.00128173,-0.00449018,-0.589469,3.53088,-0.311125,0.572155,0.0970999,-0.0745327,-1.17779,-0.66423,-0.0958623
357,0.0015705,-0.0140909,0.000410509,-0.0122718,-0.0172375,0.0150235,0.37954,0.000566812,0.0845774,0.00263423,0.0937412,-0.00112256,0.000879407,-0.00362111,-0.650251,3.66105,0.0700418,0.520037,0.102543,-0.0898474,-1.17933,-0.542866,-0.139348
358,0.00153398,-0.0135479,-0.000501733,-0.011164,-0.0172375,0.0150235,0.37954,-0.000426413,0.0813431,-0.0199432,0.102398,-0.00090529,0.000709199,-0.00292025,-0.590487,3.65692,0.378229,0.447652,0.0977052,-0.0849969,-1.18051,-0.482733,-0.171998
359,0.00153398,-0.0130049,-0.00123153,-0.0106526,-0.0171584,0.0149445,0.37954,-0.000343881,0.0787364,-0.0337395,0.0949496,0.00118293,-0.00134107,-0.00235504,-0.613793,3.68816,0.551862,0.563791,0.0924691,-0.0797486,-1.18166,-0.595222,-0.144481
360,0.00153398,-0.0124076,-0.00141398,-0.0102265,-0.0172375,0.0150235,0.379437,-0.000277324,0.0779479,-0.0316233,0.0868813,-0.000959033,0.000831503,-0.00438499,-0.614253,3.63599,0.470067,0.574976,0.102847,-0.0901143,-1.18215,-0.719244,-0.115838
361,0.00153398,-0.0118374,-0.000912242,-0.00988565,-0.0172375,0.0150235,0.379437,-0.000223648,0.0766601,-0.0133596,0.0783157,-0.000773414,0.000670567,-0.00353628,-0.614694,3.63615,0.148798,0.593059,0.0980007,-0.0852567,-1.18355,-0.830651,-0.0881604
362,0.00153398,-0.011213,-4.56121e-05,-0.00980043,-0.0172375,0.0150235,0.379334,-0.000180361,0.0769245,0.0101848,0.0652188,-0.000623721,0.00054078,-0.00533663,-0.615116,3.53594,-0.202138,0.672369,0.0980941,-0.0853387,-1.18396,-0.999255,-0.044906
363,0.00153398,-0.0105614,0.00086663,-0.00980043,-0.0171584,0.0149445,0.379334,-0.000145453,0.0778008,0.0302843,0.0525958,0.00141005,-0.00147693,-0.00430373,-0.615518,3.42017,-0.486964,0.721293,0.0928475,-0.080081,-1.18529,-1.15745,-0.00528504
364,0.00153398,-0.0100184,0.00123153,-0.00980043,-0.0171584,0.0149445,0.379334,-0.000117301,0.075883,0.0332532,0.042416,0.00113713,-0.00119108,-0.00347075,-0.615901,3.44158,-0.459373,0.749951,0.0978773,-0.0851,-1.18626,-1.24569,0.0214658
365,0.00153398,-0.00950254,0.000821018,-0.00971521,-0.0172375,0.0150235,0.379334,-9.45972e-05,0.0736729,0.0168881,0.0362677,-0.000995455,0.000951953,-0.00279899,-0.616265,3.41351,-0.142164,0.749822,0.1033,-0.0905119,-1.1872,-1.28221,0.033089
366,0.00153398,-0.00898668,-0.000136836,-0.00962999,-0.0171584,0.0149445,0.379334,-7.62881e-05,0.071895,-0.00955651,0.0313101,0.00111039,-0.00114548,-0.00225725,-0.61661,3.35293,0.282227,0.766711,0.0931033,-0.0803052,-1.1881,-1.31079,0.0410232
367,0.00153398,-0.00847083,-0.000912242,-0.00954477,-0.0172375,0.0150235,0.379231,-6.15226e-05,0.0704636,-0.0264719,0.0273125,-0.00101807,0.000989778,-0.00430683,-0.616935,3.27681,0.469439,0.781976,0.103462,-0.0906543,-1.18834,-1.33215,0.0462091
368,0.00153398,-0.00800928,-0.00123153,-0.00945955,-0.0171584,0.0149445,0.379231,-4.9615e-05,0.0679892,-0.029071,0.0240875,0.0010915,-0.00111431,-0.00347325,-0.617241,3.25302,0.451395,0.795618,0.0932608,-0.0804429,-1.18949,-1.33074,0.0482269
369,0.00153398,-0.00762918,-0.000957854,-0.00928911,-0.0171584,0.0151026,0.379231,-4.00121e-05,0.0640249,-0.0168241,0.0235485,0.000880239,0.00292691,-0.00280101,-0.617527,3.28156,0.221249,0.780471,0.0982773,-0.0961246,-1.19028,-1.2807,0.0403045
370,0.0015705,-0.00722193,-0.000273673,-0.00903344,-0.0172375,0.0150235,0.379129,0.000851644,0.061489,0.00299029,0.0251781,-0.00120375,0.000446791,-0.00474543,-0.655231,3.20971,-0.0864557,0.755179,0.103687,-0.0809668,-1.19041,-1.22853,0.0270764
371,0.00153398,-0.00689613,0.000364897,-0.00869256,-0.0171584,0.0149445,0.379129,-0.00019667,0.0574688,0.0178582,0.0285507,0.00094192,-0.00155237,-0.00382696,-0.595216,3.2411,-0.266469,0.719741,0.093477,-0.0806322,-1.19146,-1.14003,0.00766338
372,0.0015705,-0.00654317,0.000684182,-0.00843689,-0.0171584,0.0149445,0.379129,0.000724989,0.0548846,0.0221261,0.0292099,0.000759613,-0.00125191,-0.00308626,-0.655709,3.17211,-0.282302,0.728484,0.0984856,-0.0856322,-1.19214,-1.10743,-0.000352687
373,0.0015705,-0.00635312,0.00063857,-0.00801079,-0.0171584,0.0149445,0.379129,0.000584669,0.0488607,0.0167399,0.0338675,0.000612591,-0.00100961,-0.00248892,-0.633092,3.30818,-0.177281,0.662634,0.0985497,-0.0856878,-1.1928,-0.98657,-0.0243819
374,0.0015705,-0.00619022,0.000273673,-0.00749946,-0.0172375,0.0150235,0.379129,0.000471507,0.0433443,0.00467323,0.0396812,-0.00141867,0.00109849,-0.00200719,-0.633283,3.36083,0.0121117,0.605279,0.103948,-0.0910784,-1.19341,-0.86958,-0.0509542
375,0.0015705,-0.00591872,-9.12242e-05,-0.00698813,-0.0172375,0.0150235,0.379026,0.000380247,0.0415258,-0.00506234,0.0443759,-0.00114408,0.000885879,-0.00410529,-0.633454,3.24523,0.121676,0.564941,0.0990654,-0.0861876,-1.19337,-0.81686,-0.069797
376,0.00153398,-0.00572867,-0.000319285,-0.00656203,-0.0172375,0.0150235,0.379026,-0.0005769,0.0380862,-0.00959963,0.0460951,-0.000922649,0.000714418,-0.00331072,-0.59617,3.28377,0.155974,0.550144,0.0991218,-0.0862364,-1.19423,-0.779073,-0.0796504
377,0.0015705,-0.00556577,-0.000410509,-0.00630637,-0.0172375,0.0150235,0.379026,0.000418123,0.0346546,-0.00994802,0.043357,-0.000744072,0.000576144,-0.00266993,-0.656566,3.28981,0.149212,0.569409,0.0991756,-0.0862829,-1.19474,-0.794546,-0.0746812
378,0.00153398,-0.00545717,-0.000319285,-0.0060507,-0.0171584,0.0149445,0.379026,-0.000546484,0.0305748,-0.00581543,0.0411511,0.00131306,-0.00144849,-0.00215317,-0.596416,3.33121,0.0763017,0.549765,0.0938893,-0.0809896,-1.19522,-0.793661,-0.072804
379,0.0015705,-0.00532142,-9.12242e-05,-0.0060507,-0.0172375,0.0150235,0.379026,0.000443134,0.0279422,0.000829091,0.0331864,-0.00085456,0.000745346,-0.00173643,-0.656774,3.2892,-0.0262706,0.60999,0.104217,-0.0913102,-1.19565,-0.879479,-0.0512429
380,0.00153398,-0.00513137,0.000136836,-0.0060507,-0.0171584,0.0149445,0.378923,-0.00052603,0.0271308,0.00618476,0.0267632,0.00122335,-0.00131142,-0.00388545,-0.596585,3.18075,-0.0946499,0.612665,0.0939832,-0.0810702,-1.19543,-0.961975,-0.0345689
381,0.00153398,-0.00494132,0.000273673,-0.0060507,-0.0172375,0.0148654,0.378923,-0.000424218,0.0264776,0.00829821,0.0215832,-0.000926411,-0.00297058,-0.00313343,-0.619468,3.09069,-0.112872,0.613716,0.104305,-0.0807114,-1.19611,-1.02295,-0.0226527
382,0.00153398,-0.00488702,0.000182448,-0.0060507,-0.0172375,0.0150235,0.378923,-0.000342111,0.022667,0.00448454,0.0174058,-0.000747105,0.00143131,-0.00252696,-0.619503,3.15477,-0.0284815,0.613143,0.0994037,-0.0963618,-1.19645,-1.02568,-0.0170803
383,0.00153398,-0.00483272,9.12242e-05,-0.00596548,-0.0171584,0.0149445,0.378923,-0.000275896,0.0195933,0.00140997,0.0160983,0.00131013,-0.00075835,-0.00203787,-0.61952,3.11846,-0.00111723,0.583781,0.0941041,-0.0811727,-1.19674,-1.00419,-0.020246
384,0.00153398,-0.00483272,9.12242e-05,-0.0060507,-0.0172375,0.0148654,0.378923,-0.000222497,0.015801,0.00113707,0.010921,-0.000856245,-0.00252437,-0.00164344,-0.619528,3.14146,-0.0239321,0.626928,0.104426,-0.080814,-1.19702,-1.02358,-0.0111079
385,0.00153398,-0.00480557,0.000136836,-0.00596548,-0.0172375,0.0150235,0.378923,-0.000179433,0.0133998,0.00202089,0.0108697,-0.00069052,0.00179154,-0.00132536,-0.619557,3.10695,-0.0490208,0.580935,0.0995514,-0.0964884,-1.19732,-0.994854,-0.0168146
386,0.00153398,-0.00483272,9.12242e-05,-0.00596548,-0.0171584,0.0149445,0.378923,-0.000144704,0.0101496,0.000526489,0.00876591,0.00135569,-0.000467769,-0.00106884,-0.619588,3.15812,-0.0125333,0.599584,0.094283,-0.0813273,-1.19762,-0.981051,-0.0156615
