5,0.00149746,-0.789661,-0.0015052,-0.517122,-0.0113862,0.0118607,0.378307,-0.000597177,0.00958735,-0.00117968,-0.00262639,0.000623644,-2.36453e-05,-0.0034581,0.0374117,-0.493533,0.0250993,0.00259223,1.20869e-05,-1.25905e-05,0.000592862,2.08645,0.847621
6,0.00153398,-0.789715,-0.00159642,-0.517037,-0.0114653,0.0119397,0.383238,0.000402443,0.00641741,-0.00315941,-5.52998e-05,-0.00141096,0.00189483,0.116583,-0.0229102,-0.13232,0.0639024,-0.0185743,0.00537446,-0.00537601,-0.0300259,2.68562,0.933929
7,0.00153398,-0.789905,-0.00173326,-0.516696,-0.0116235,0.0119397,0.389711,0.000324551,0.000573949,-0.0058609,0.00820868,-0.00496671,0.00152809,0.250737,-0.000161506,0.125648,0.116404,-0.100965,0.0111343,-0.000462359,-0.0543912,2.63772,1.04551
8,0.00153398,-0.789959,-0.00191571,-0.516099,-0.0115444,0.0120188,0.389917,0.000261735,-0.000850773,-0.00914034,0.0210516,-0.00209251,0.00314522,0.207178,-0.000259213,0.144629,0.182606,-0.207296,-0.0040573,-0.00582983,-0.0355931,2.19605,1.12448
9,0.00153398,-0.790041,-0.0018701,-0.515673,-0.0116235,0.0119397,0.390328,0.000211076,-0.0026574,-0.00626732,0.0272899,-0.00360122,0.000622759,0.177026,-0.000376223,0.297931,0.111988,-0.201746,0.00625304,0.00441707,-0.0376754,2.55583,1.06028
10,0.00153398,-0.790177,-0.00182448,-0.515588,-0.0115444,0.012177,0.390841,0.000170223,-0.00542681,-0.00395095,0.0240695,-0.000991514,0.00624032,0.15519,-0.000512536,0.517682,0.0983982,-0.123197,-0.00399301,-0.0165707,-0.0397809,3.19394,0.934001
11,0.00149746,-0.790231,-0.00182448,-0.515588,-0.0115444,0.0120188,0.39115,-0.000746298,-0.00569009,-0.00318625,0.0194109,-0.000799608,0.00120673,0.13261,0.0367683,0.617228,0.109908,-0.0904266,0.000983618,0.00889302,-0.0403428,3.29336,0.88881
12,0.00153398,-0.790204,-0.0018701,-0.515673,-0.0116235,0.0119397,0.391458,0.000282001,-0.00393176,-0.00367336,0.0135916,-0.00255834,-0.000940329,0.114403,-0.0236694,0.681411,0.135115,-0.047507,0.0063574,0.00430845,-0.0415829,3.38185,0.843437
13,0.00149746,-0.790204,-0.0018701,-0.515758,-0.0116235,0.0120979,0.391663,-0.000656055,-0.00317077,-0.00296239,0.00889952,-0.00206318,0.00306703,0.0972308,0.0363999,0.845979,0.123848,-0.0216028,0.00145405,-0.0113476,-0.0422298,3.51704,0.843943
14,0.00153398,-0.790231,-0.00182448,-0.515673,-0.0115444,0.0120188,0.391972,0.000354475,-0.00321388,-0.0012856,0.00923865,0.000248989,0.000560564,0.0858685,-0.0240765,1.04306,0.0989098,-0.0484003,-0.00384285,0.00383152,-0.043863,3.43451,0.909321
15,0.00149746,-0.790231,-0.00182448,-0.515758,-0.0115444,0.0120188,0.39228,-0.00059796,-0.00259183,-0.00103677,0.00538826,0.000200798,0.000452068,0.0767078,0.0359542,1.20478,0.110475,0.0180415,0.00114099,-0.00115404,-0.0452111,3.73257,0.838515
16,0.00153398,-0.790204,-0.0018701,-0.515758,-0.0115444,0.0120188,0.392588,0.000401624,-0.00143317,-0.0019399,0.00434537,0.000161934,0.000364571,0.0693202,-0.0245607,1.36507,0.135737,0.0216616,0.00118468,-0.00119953,-0.0465953,3.68791,0.864685
17,0.00153398,-0.790231,-0.00182448,-0.515758,-0.0115444,0.0120188,0.392794,0.00032389,-0.0018123,-0.000461493,0.00350433,0.000130592,0.000294009,0.0608724,-0.00200512,1.62576,0.0994377,0.0455506,0.00123018,-0.0012469,-0.0473862,3.88557,0.868778
18,0.00153398,-0.790204,-0.0018701,-0.515673,-0.0115444,0.0120188,0.392896,0.000261202,-0.000804583,-0.00147584,0.00488816,0.000105316,0.000237104,0.0515767,-0.00229589,1.80018,0.136131,0.043902,0.00127749,-0.00129616,-0.0479049,3.81353,0.891748
19,0.00153398,-0.790177,-0.00191571,-0.515758,-0.0115444,0.0120188,0.393102,0.000210647,7.96063e-06,-0.00229365,0.00188038,8.49321e-05,0.000191213,0.0465653,-0.00260598,2.02409,0.150032,0.116851,0.00132662,-0.0013473,-0.0494099,4.16299,0.824245
20,0.00153398,-0.790095,-0.0018701,-0.515673,-0.0115444,0.0120188,0.393307,0.000169876,0.0019768,-0.000746304,0.00357804,6.84936e-05,0.000154204,0.0425237,-0.00293539,2.19567,0.113775,0.0998136,0.00137755,-0.00140033,-0.0506299,3.97604,0.879513
21,0.00153398,-0.790014,-0.00191571,-0.515673,-0.0115444,0.0120188,0.39341,0.000136997,0.00356548,-0.00170578,0.00288551,5.52368e-05,0.000124358,0.03678,-0.0032841,2.41674,0.15051,0.148852,0.00143029,-0.00145524,-0.0512565,4.21023,0.844176
22,0.00153398,-0.789959,-0.00191571,-0.515673,-0.0115444,0.0120188,0.393513,0.000110481,0.00418888,-0.00137563,0.00232703,4.45458e-05,0.000100289,0.0321466,-0.00365213,2.6873,0.139367,0.180875,0.00148485,-0.00151205,-0.0522402,4.37867,0.844822
23,0.00153398,-0.789851,-0.00200693,-0.515588,-0.0116235,0.0119397,0.393616,8.9098e-05,0.0060055,-0.00331636,0.00393839,-0.00187704,-0.00183209,0.0284104,-0.00403948,2.88856,0.189814,0.18736,0.00687853,0.00376656,-0.0532598,4.31532,0.86785
24,0.00153398,-0.789769,-0.00205254,-0.515588,-0.0115444,0.0120188,0.393821,7.18532e-05,0.00681399,-0.00377816,0.00317612,0.000399537,0.00043579,0.0278838,-0.00444615,3.17326,0.192383,0.241278,-0.00334221,-0.00657297,-0.0549447,4.60137,0.835866
25,0.00153398,-0.789661,-0.00214377,-0.515503,-0.0115444,0.0120188,0.393924,5.79461e-05,0.00812195,-0.00525341,0.00462269,0.000322207,0.000351444,0.0249721,-0.00487213,3.42259,0.231457,0.251017,0.00165975,-0.0016935,-0.0557152,4.5856,0.862406
26,0.00153398,-0.789525,-0.00228061,-0.515503,-0.0115444,0.0120188,0.394027,4.67307e-05,0.00983409,-0.00754702,0.00372798,0.000259844,0.000283422,0.0226245,-0.00531743,3.67052,0.28423,0.30819,0.00172158,-0.00175788,-0.0568429,4.79517,0.823507
27,0.00153398,-0.789389,-0.00241744,-0.515588,-0.0115444,0.0120188,0.394232,3.76861e-05,0.0112158,-0.00939768,0.000944115,0.000209552,0.000228566,0.0232183,-0.00578205,3.95096,0.325615,0.375511,0.00178523,-0.00182416,-0.0586358,5.04707,0.787965
28,0.00153398,-0.789226,-0.00259989,-0.515503,-0.0115444,0.0120188,0.394232,3.0392e-05,0.0129858,-0.0119925,0.002823,0.000168994,0.000184328,0.0187244,-0.006266,4.21303,0.392103,0.371488,0.0018507,-0.00189234,-0.0588851,4.92269,0.847258
29,0.00153398,-0.789009,-0.00259989,-0.515503,-0.0116235,0.0119397,0.394335,2.45097e-05,0.0157271,-0.00967133,0.00227661,-0.00177666,-0.0017643,0.017586,-0.00676926,4.43974,0.346859,0.433541,0.00725531,0.00337489,-0.0604418,5.09254,0.804633
30,0.00149746,-0.788765,-0.00255428,-0.515503,-0.0116235,0.0119397,0.394335,-0.000864037,0.018596,-0.00669573,0.00183598,-0.00143279,-0.00142282,0.0141823,0.0301446,4.682,0.322153,0.478579,0.0023828,-0.00163872,-0.0610842,5.18691,0.79811
31,0.00149746,-0.788439,-0.00246305,-0.515503,-0.0115444,0.0120188,0.394438,-0.000696804,0.0228763,-0.00319351,0.00148063,0.000756867,0.00076491,0.0139222,0.00677631,4.85497,0.283777,0.525244,-0.00288324,-0.00704959,-0.0627128,5.1943,0.784564
32,0.00153398,-0.788086,-0.00232622,-0.515503,-0.0115444,0.0118607,0.39454,0.000321815,0.026989,0.000735608,0.00119405,0.000610377,-0.0032097,0.0137137,-0.0312206,5.06047,0.23173,0.573536,0.00213149,0.00849118,-0.0640565,5.27661,0.777676
33,0.00153398,-0.787679,-0.00218938,-0.515418,-0.0115444,0.0120188,0.394643,0.000259528,0.0316228,0.00390535,0.00302572,0.000492239,0.00123936,0.0135464,-0.0089741,5.2306,0.191097,0.596291,0.0022061,-0.0121444,-0.0654362,5.20402,0.800599
34,0.00153398,-0.787136,-0.00209816,-0.515418,-0.0115444,0.0120188,0.394746,0.000209297,0.0386332,0.00535547,0.0024401,0.000396967,0.000999488,0.0134091,-0.00957399,5.28053,0.175562,0.666479,0.00228255,-0.00234009,-0.0668519,5.21638,0.746268
35,0.00153398,-0.786538,-0.00209816,-0.515418,-0.0115444,0.0118607,0.394746,0.000168788,0.0456046,0.00431892,0.00196782,0.000320135,-0.00301945,0.0108138,-0.0101932,5.36298,0.198811,0.719651,0.00236082,0.008253,-0.0676744,5.2256,0.735247
36,0.00153398,-0.78586,-0.00214377,-0.515418,-0.0116235,0.0119397,0.394746,0.000136119,0.053204,0.00237917,0.00158695,-0.00165538,-0.000521493,0.00872079,-0.0108317,5.39309,0.224353,0.774451,0.00777824,-0.00705098,-0.068854,5.18466,0.720668
37,0.00153398,-0.785127,-0.00228061,-0.515332,-0.0115444,0.0120188,0.394849,0.000109774,0.0606396,-0.0013915,0.00334137,0.000577819,0.00149224,0.00951838,-0.0114896,5.42176,0.288681,0.803714,-0.00241876,-0.00753136,-0.0706989,5.06671,0.743347
38,0.00153398,-0.784339,-0.00241744,-0.515332,-0.0116235,0.0119397,0.394951,8.8527e-05,0.0679506,-0.00443253,0.00269466,-0.00144691,-0.000709476,0.0101617,-0.0121668,5.43204,0.330218,0.880411,0.00794428,0.00266065,-0.0722588,5.16056,0.698018
39,0.00153398,-0.783389,-0.00237183,-0.515247,-0.0115444,0.0120188,0.394951,7.13928e-05,0.0777934,-0.00247089,0.00423532,0.000746526,0.00134123,0.00819494,-0.0128634,5.28816,0.271424,0.912928,-0.00224904,-0.00770745,-0.0732256,4.85336,0.706961
40,0.00153398,-0.782439,-0.00232622,-0.515077,-0.0116235,0.0119397,0.394951,5.75748e-05,0.0857228,-0.000889318,0.00753849,-0.00131065,-0.000831049,0.00660882,-0.0135792,5.26162,0.258256,0.93855,0.00811768,0.00248072,-0.0745494,4.78539,0.736572
41,0.00153398,-0.78138,-0.00228061,-0.514736,-0.0116235,0.0119397,0.394951,4.64313e-05,0.0947465,0.000386231,0.0143259,-0.00105698,-0.000670201,0.00532969,-0.0143144,5.11485,0.245101,0.930112,0.00326535,-0.00255391,-0.0759093,4.43896,0.787494
42,0.00153398,-0.780294,-0.00228061,-0.51448,-0.0116235,0.0119397,0.395054,3.74446e-05,0.102688,0.000311476,0.0177399,-0.000852401,-0.000540484,0.00678443,-0.015069,5.01755,0.257046,0.98775,0.00335681,-0.00264851,-0.0779345,4.53063,0.744671
43,0.00153398,-0.779181,-0.00223499,-0.514054,-0.0116235,0.0119397,0.395054,3.01973e-05,0.10974,0.00135454,0.0246138,-0.00068742,-0.000435874,0.00547131,-0.0158429,4.9188,0.232514,0.974045,0.00345012,-0.00274503,-0.0790455,4.30431,0.806561
44,0.00153398,-0.777986,-0.00223499,-0.513457,-0.0115444,0.0120188,0.395054,2.43526e-05,0.117399,0.00109237,0.0342811,0.00135846,0.00156132,0.00441235,-0.0166361,4.75073,0.244486,0.944921,-0.00179203,-0.00818078,-0.0805136,3.99353,0.862393
45,0.00149746,-0.776629,-0.00223499,-0.512861,-0.0116235,0.0119397,0.395054,-0.000864233,0.127529,0.000880943,0.0420826,-0.000818005,-0.000654409,0.00355835,0.0199878,4.44545,0.245068,0.954709,0.0085839,0.00199779,-0.0820179,3.761,0.83788
46,0.00153398,-0.775353,-0.00218938,-0.512179,-0.0115444,0.0120188,0.395054,0.000186584,0.133715,0.00181385,0.0504304,0.00125315,0.00138508,0.00286963,-0.0411069,4.35932,0.220578,0.938959,-0.0015965,-0.00838376,-0.0835582,3.78166,0.879314
47,0.00153398,-0.774077,-0.00214377,-0.511412,-0.0115444,0.0120188,0.395054,0.000150471,0.1387,0.00256607,0.059222,0.00101061,0.001117,0.00231422,-0.019131,4.2378,0.207503,0.916313,0.00344583,-0.00354635,-0.0851346,3.69503,0.911151
48,0.00153398,-0.772692,-0.00218938,-0.510475,-0.0116235,0.0119397,0.395054,0.000121347,0.145361,0.000965684,0.0704438,-0.00109837,-0.00101256,0.00186631,-0.0200016,3.99604,0.244615,0.859607,0.00888537,0.00168449,-0.0867471,3.35637,0.966436
49,0.00153398,-0.771226,-0.00228061,-0.509537,-0.0116235,0.0119397,0.395054,9.78609e-05,0.152696,-0.00142821,0.0794889,-0.000885781,-0.000816585,0.00150509,-0.0208915,3.73586,0.284022,0.841812,0.00404782,-0.00336554,-0.0883958,3.26023,0.953321
50,0.00153398,-0.769814,-0.00228061,-0.508515,-0.0116235,0.0119397,0.395054,7.892e-05,0.157308,-0.00115179,0.0888519,-0.00071434,-0.000658536,0.00121378,-0.0218007,3.60998,0.261868,0.798479,0.00415408,-0.00347555,-0.0900806,3.23577,0.993113
51,0.00153398,-0.768429,-0.00223499,-0.507577,-0.0115444,0.0120188,0.395054,6.36452e-05,0.160357,0.000174547,0.0943322,0.00133674,0.00138174,0.000978854,-0.0227293,3.49961,0.237447,0.802578,-0.00107511,-0.0089248,-0.0918015,3.37893,0.955775
52,0.00153398,-0.766963,-0.00205254,-0.50664,-0.0115444,0.0120188,0.395054,5.13268e-05,0.164787,0.00455441,0.098752,0.00107801,0.00111431,0.000789399,-0.0236772,3.28597,0.149182,0.789662,0.00397649,-0.00409705,-0.0935586,3.29845,0.94233
53,0.00153398,-0.765497,-0.00196132,-0.505617,-0.0116235,0.0119397,0.395054,4.13926e-05,0.16836,0.00587975,0.104378,-0.00104347,-0.0010142,0.000636612,-0.0246445,3.13876,0.145311,0.751207,0.0094253,0.00112412,-0.0953518,3.21099,0.975904
54,0.00153398,-0.764031,-0.00205254,-0.504254,-0.0116235,0.0119397,0.395054,3.33811e-05,0.171252,0.00253422,0.117172,-0.000841509,-0.000817905,0.000513397,-0.0256311,3.00707,0.218992,0.624364,0.00459705,-0.00393558,-0.0971812,2.83533,1.12298
55,0.00153398,-0.762646,-0.00218938,-0.50306,-0.0114653,0.0120979,0.395054,2.69202e-05,0.171598,-0.00126603,0.123352,0.00314646,0.0031655,0.00041403,-0.0266371,2.9927,0.272164,0.628044,-0.00596201,-0.0147299,-0.0990468,3.12312,1.05319
56,0.00153398,-0.761262,-0.00223499,-0.501782,-0.0115444,0.0120188,0.395054,2.17099e-05,0.171881,-0.00212436,0.1304,0.000624709,0.00064006,0.000333895,-0.0276624,2.94295,0.263775,0.568901,0.00937597,0.000369051,-0.100949,3.05019,1.087
57,0.00153398,-0.759768,-0.00218938,-0.500504,-0.0115444,0.0120188,0.395054,1.7508e-05,0.174753,-0.000609302,0.136099,0.000503798,0.000516177,0.00026927,-0.0287071,2.77298,0.228033,0.530027,0.00455298,-0.00469679,-0.102887,2.96477,1.07118
58,0.00153398,-0.758302,-0.00218938,-0.499481,-0.0115444,0.0120188,0.395054,1.41193e-05,0.176396,-0.000491372,0.134496,0.000406288,0.000416272,0.000217153,-0.0297711,2.72034,0.240197,0.574271,0.00467381,-0.00482263,-0.104861,3.29299,0.956288
59,0.00149746,-0.756891,-0.00200693,-0.498373,-0.0114653,0.0120979,0.394951,-0.000872109,0.176406,0.00401714,0.135264,0.00224037,0.00224843,-0.00231026,0.00658194,2.73414,0.140625,0.537051,-0.000540799,-0.0102877,-0.106242,3.27501,0.996382
60,0.00153398,-0.755397,-0.00205254,-0.497436,-0.0115444,0.0120188,0.394951,0.000180629,0.178403,0.00213572,0.131771,-0.000106936,-0.000100443,-0.00186311,-0.0547836,2.6277,0.21211,0.574427,0.0098627,-0.000138502,-0.108609,3.41471,0.906327
61,0.00153398,-0.753958,-0.00209816,-0.496754,-0.0114653,0.0120979,0.394951,0.000145668,0.178681,0.00061902,0.122759,0.00182645,0.00183169,-0.00150251,-0.0330786,2.65558,0.226594,0.657639,-0.000290118,-0.0105494,-0.110692,3.7711,0.793133
62,0.00153398,-0.752465,-0.00214377,-0.495902,-0.0114653,0.0120979,0.394951,0.000117474,0.180217,-0.000604082,0.119613,0.00147294,0.00147717,-0.0012117,-0.03422,2.59717,0.241092,0.632222,0.00477982,-0.00574142,-0.112811,3.56801,0.858687
63,0.00153398,-0.751026,-0.00218938,-0.495391,-0.0116235,0.0119397,0.395054,9.47374e-05,0.180162,-0.00159106,0.108837,-0.00263947,-0.00263607,0.00150943,-0.0353808,2.6561,0.255605,0.754374,0.0155843,0.00479729,-0.115596,4.01978,0.706656
64,0.00153398,-0.749614,-0.00218938,-0.494879,-0.0115444,0.0120188,0.394951,7.64011e-05,0.17944,-0.00128311,0.10014,-0.000216055,-0.000213309,-0.00126788,-0.0365609,2.73057,0.245046,0.803583,0.000495459,-0.0105611,-0.116837,4.09077,0.705403
65,0.00153398,-0.74804,-0.00228061,-0.494283,-0.0114653,0.0120979,0.394951,6.16138e-05,0.182804,-0.00324162,0.0951892,0.00173861,0.00174083,-0.00102248,-0.0377604,2.59997,0.296077,0.827256,0.000234031,-0.011096,-0.119386,3.89883,0.719019
66,0.00153398,-0.746709,-0.00232622,-0.493857,-0.0116235,0.0119397,0.394951,4.96885e-05,0.179621,-0.00371816,0.0870785,-0.00242541,-0.00242363,-0.000824585,-0.0389793,2.89216,0.299231,0.925526,0.0159861,0.00437884,-0.12165,4.3378,0.666917
67,0.00153398,-0.745297,-0.00232622,-0.493175,-0.0116235,0.0119397,0.394951,4.00714e-05,0.179014,-0.00299852,0.0867198,-0.00195598,-0.00195454,-0.000664988,-0.0402175,2.94535,0.288715,0.906647,0.00624018,-0.00564813,-0.12395,4.06558,0.768255
68,0.00153398,-0.743859,-0.00218938,-0.492237,-0.0114653,0.0120979,0.394951,3.23157e-05,0.179169,0.000891355,0.092608,0.00224742,0.00224858,-0.00053628,-0.0414751,3.03105,0.214356,0.863828,-0.00429454,-0.0164678,-0.126287,3.83099,0.875625
69,0.00153398,-0.742555,-0.00200693,-0.49147,-0.0117025,0.0118607,0.394951,2.6061e-05,0.176025,0.00513367,0.0932433,-0.00392759,-0.00392666,-0.000432484,-0.042752,3.31895,0.149132,0.93289,0.0217424,0.0092804,-0.12866,4.23791,0.811627
70,0.00153398,-0.741279,-0.0018701,-0.490277,-0.0117025,0.0120188,0.394951,2.10169e-05,0.172821,0.00744984,0.104055,-0.00316741,0.000658473,-0.000348778,-0.0440483,3.57149,0.120408,0.830474,0.00706051,-0.0163687,-0.131069,3.92914,1.00163
71,0.00153398,-0.739976,-0.0018701,-0.488999,-0.0115444,0.0120188,0.394951,1.69491e-05,0.1709,0.00600794,0.114841,0.00127154,0.000531026,-0.000281272,-0.0453639,3.78867,0.155552,0.795731,-0.00346825,-0.00663604,-0.133515,3.93748,1.03302
72,0.00153398,-0.738727,-0.00196132,-0.487976,-0.0116235,0.0119397,0.394951,1.36687e-05,0.168045,0.00263755,0.117361,-0.000888031,-0.00148522,-0.000226832,-0.046699,4.10625,0.206675,0.862748,0.0119001,-0.00145194,-0.135997,4.41979,0.923102
73,0.00153398,-0.73737,-0.00205254,-0.486528,-0.0116235,0.0120979,0.394951,1.10231e-05,0.168357,-7.95347e-05,0.12969,-0.000716154,0.00262749,-0.000182929,-0.0480534,4.26969,0.235007,0.739645,0.00710741,-0.0172233,-0.138515,3.95571,1.09554
74,0.00153398,-0.736039,-0.00200693,-0.485334,-0.0115444,0.0120188,0.394951,8.88961e-06,0.167959,0.00103942,0.133455,0.00133555,0.00020585,-0.000147524,-0.0494271,4.5505,0.188094,0.792871,0.0019213,-0.0021596,-0.14107,4.39098,0.982401
75,0.00153398,-0.734736,-0.00200693,-0.484312,-0.0115444,0.0120188,0.394951,7.16904e-06,0.166984,0.000838245,0.13237,0.00107705,0.000166008,-0.000118971,-0.0508202,4.86383,0.20049,0.846126,0.00701601,-0.00726065,-0.143661,4.74461,0.907011
76,0.00153398,-0.733189,-0.00196132,-0.483374,-0.0115444,0.0120188,0.394951,5.78149e-06,0.172097,0.00177925,0.129424,0.000868592,0.000133878,-9.59441e-05,-0.0522327,4.87031,0.17641,0.890887,0.00717067,-0.00742173,-0.146288,4.65078,0.83524
77,0.00153398,-0.731668,-0.00205254,-0.482607,-0.0116235,0.0119397,0.394951,4.66249e-06,0.175572,-0.000772168,0.122931,-0.00121255,-0.00180506,-7.73743e-05,-0.0536646,5.07899,0.239007,0.972961,0.0126645,-0.00224747,-0.148952,4.93425,0.757127
78,0.00153398,-0.730093,-0.00214377,-0.482096,-0.0115444,0.0120188,0.394951,3.76007e-06,0.1797,-0.00283045,0.111513,0.000935753,0.000457921,-6.23986e-05,-0.0551158,5.21838,0.267409,1.10087,0.00254403,-0.0126914,-0.151652,5.21795,0.629312
79,0.00153398,-0.728301,-0.00223499,-0.481585,-0.0115444,0.0120188,0.394951,3.03232e-06,0.188262,-0.00448918,0.102298,0.000754639,0.000369291,-5.03215e-05,-0.0565864,5.13574,0.295827,1.17448,0.00764632,-0.00791648,-0.154389,5.0654,0.593472
80,0.00153398,-0.726482,-0.00228061,-0.481244,-0.0115444,0.0118607,0.394951,2.44542e-06,0.195832,-0.00472377,0.0907449,0.00060858,-0.00352802,-4.05818e-05,-0.0580763,5.17045,0.299173,1.30405,0.00780856,0.00258916,-0.157162,5.22876,0.498836
81,0.00153398,-0.724745,-0.00218938,-0.480988,-0.0115444,0.0120188,0.394951,1.97211e-06,0.199974,-0.0016021,0.0793677,0.00049079,0.000981451,-3.27273e-05,-0.0595857,5.33948,0.238677,1.42512,0.0079727,-0.0181397,-0.159971,5.34768,0.456376
82,0.00149746,-0.722763,-0.00205254,-0.480392,-0.0115444,0.0120188,0.394951,-0.000881975,0.209217,0.0020183,0.0784378,0.000395799,0.000791492,-2.6393e-05,-0.0236779,5.16771,0.187316,1.42053,0.00813874,-0.0084287,-0.162817,4.97797,0.577249
83,0.00153398,-0.720917,-0.0018701,-0.479795,-0.0116235,0.0117816,0.394951,0.000172338,0.213388,0.00604163,0.0776886,-0.00159377,-0.0051006,-2.12847e-05,-0.0854888,5.33387,0.122283,1.49212,0.013644,0.00740831,-0.1657,4.93417,0.579586
84,0.00153398,-0.718989,-0.00173326,-0.478858,-0.0117025,0.0118607,0.394951,0.000138983,0.218749,0.00818461,0.0853441,-0.00319934,-0.00219935,-1.7165e-05,-0.0642292,5.32891,0.0937501,1.45669,0.0142095,-0.0129308,-0.168618,4.64705,0.731053
85,0.00153398,-0.717007,-0.00168765,-0.477665,-0.0116235,0.0119397,0.394849,0.000112083,0.224339,0.00770349,0.0976775,-0.000668,0.000138444,-0.00249844,-0.065816,5.32251,0.103999,1.41596,0.00410262,-0.0135044,-0.170944,4.44986,0.847857
86,0.00153398,-0.715107,-0.0018701,-0.476301,-0.0117025,0.0118607,0.394849,9.03893e-05,0.22689,0.00179924,0.111755,-0.00245137,-0.00180101,-0.00201487,-0.0674222,5.4674,0.216889,1.37846,0.0145558,-0.00340568,-0.174257,4.23044,0.936968
87,0.00153398,-0.713097,-0.00214377,-0.474597,-0.0116235,0.0119397,0.394849,7.28946e-05,0.2316,-0.00517239,0.131375,-6.32402e-05,0.000461242,-0.00162489,-0.0690478,5.44117,0.322954,1.27121,0.00445279,-0.0138672,-0.177285,4.05976,1.10215
88,0.00153398,-0.710953,-0.00228061,-0.472977,-0.0116235,0.0117816,0.394746,5.8786e-05,0.238655,-0.00748118,0.145114,-5.10002e-05,-0.00345329,-0.00379566,-0.0706928,5.32866,0.33097,1.26732,0.00957252,0.00156488,-0.17972,4.30783,1.04377
89,0.00149746,-0.708862,-0.00214377,-0.471273,-0.0116235,0.0119397,0.394746,-0.00083611,0.243036,-0.00272307,0.158258,-4.11292e-05,0.00104063,-0.00306102,-0.0349207,5.38439,0.222692,1.21925,0.00975222,-0.0191795,-0.183142,4.13727,1.09079
90,0.00149746,-0.706663,-0.00200693,-0.469398,-0.0116235,0.0119397,0.394746,-0.000674282,0.249219,0.00111559,0.173002,-3.31687e-05,0.000839219,-0.00246856,-0.0594308,5.28597,0.182844,1.13712,0.00993383,-0.00948411,-0.18628,4.22005,1.17759
91,0.00153398,-0.704437,-0.00191571,-0.467608,-0.0116235,0.0119397,0.394746,0.000339753,0.254839,0.00310645,0.18281,-2.67489e-05,0.00067679,-0.00199078,-0.0985696,5.23702,0.168094,1.12106,0.0101173,-0.0096746,-0.189454,4.32279,1.12559
92,0.00153398,-0.70221,-0.00182448,-0.465478,-0.0116235,0.0119397,0.394746,0.000273994,0.25937,0.00471194,0.198966,-2.15717e-05,0.000545798,-0.00160547,-0.077465,5.22056,0.141954,0.979329,0.0103028,-0.00986709,-0.192665,4.08783,1.32383
93,0.00153398,-0.699902,-0.00177887,-0.463433,-0.0116235,0.0119397,0.394643,0.000220963,0.265015,0.00490372,0.209951,-1.73966e-05,0.00044016,-0.00378105,-0.0792069,5.11781,0.140912,0.940957,0.0104901,-0.0100616,-0.195282,4.35515,1.2699
94,0.00153398,-0.697513,-0.0018701,-0.461558,-0.0115444,0.0120188,0.394643,0.000178196,0.271512,0.00174809,0.214664,0.00189853,0.00226753,-0.00304923,-0.0809681,4.97969,0.20374,0.939897,0.0053421,-0.0155954,-0.198887,4.70163,1.16227
95,0.00153398,-0.695043,-0.00209816,-0.459512,-0.0115444,0.0120188,0.39454,0.000143706,0.278728,-0.00410717,0.222593,0.00153107,0.00182865,-0.00494452,-0.0827488,4.80618,0.307635,0.848851,0.0104749,-0.0108522,-0.201578,4.93802,1.2682
96,0.00153398,-0.692599,-0.00228061,-0.457723,-0.0116235,0.0119397,0.394643,0.000115892,0.283921,-0.00772806,0.222826,-0.000679033,-0.000439051,-0.00150077,-0.0845488,4.73303,0.352251,0.878207,0.016005,-0.00571571,-0.205885,4.87693,1.10088
97,0.00153398,-0.689993,-0.00228061,-0.456189,-0.0116235,0.0119397,0.39454,9.34615e-05,0.292008,-0.00623231,0.2168,-0.000547608,-0.000354073,-0.00369533,-0.0863682,4.45481,0.307941,0.934756,0.0112581,-0.0108601,-0.208328,5.71919,0.921801
98,0.00153398,-0.687305,-0.00241744,-0.454314,-0.0115444,0.0120188,0.394438,7.53722e-05,0.300522,-0.00833671,0.2202,0.00147145,0.00162753,-0.00546595,-0.088207,4.1921,0.384517,0.828347,0.00611774,-0.0164019,-0.21145,6.07847,1.15075
99,0.00153398,-0.684698,-0.00241744,-0.452695,-0.0117025,0.0118607,0.394438,6.0784e-05,0.30543,-0.00672315,0.216764,-0.00264031,-0.00251444,-0.00440802,-0.0900652,4.09763,0.351639,0.879627,0.0219329,-0.000992184,-0.215237,5.569,0.964125
100,0.00153398,-0.682011,-0.00228061,-0.451076,-0.0117025,0.0120188,0.394438,4.90194e-05,0.311336,-0.0021117,0.21398,-0.00212928,0.00179783,-0.00355486,-0.0919428,3.86595,0.277724,0.876606,0.0122501,-0.0217589,-0.21874,5.96899,0.954551
101,0.00149746,-0.679323,-0.00214377,-0.449201,-0.0115444,0.0120188,0.394335,-0.000842782,0.31601,0.00160264,0.217856,0.00210316,0.00144986,-0.00534888,-0.0564034,3.70069,0.238031,0.793719,0.00177852,-0.0120858,-0.22165,5.80996,1.13165
102,0.00153398,-0.676662,-0.00205254,-0.447582,-0.0117025,0.0118607,0.394335,0.000204889,0.319286,0.00350179,0.214906,-0.00213392,-0.00266078,-0.00431361,-0.118583,3.58489,0.223435,0.849877,0.0225414,-0.00162402,-0.225547,5.48387,0.932454
103,0.00153398,-0.673893,-0.00205254,-0.445877,-0.0117025,0.0120188,0.394335,0.000165233,0.324503,0.00282403,0.214557,-0.0017209,0.00168112,-0.00347872,-0.0976912,3.33188,0.247622,0.824571,0.0128644,-0.0223967,-0.22916,6.07753,0.986156
104,0.00153398,-0.671205,-0.00218938,-0.444173,-0.0116235,0.0119397,0.394232,0.000133253,0.32673,-0.00103338,0.214269,0.000525337,-0.000557421,-0.00529138,-0.0996464,3.26407,0.324277,0.819533,0.00773592,-0.00739239,-0.23218,5.3047,0.972882
105,0.00153398,-0.668571,-0.00232622,-0.442468,-0.0116235,0.0119397,0.394232,0.000107462,0.327228,-0.00414502,0.214047,0.000423659,-0.000449533,-0.00426724,-0.101621,3.22875,0.366739,0.816122,0.0128883,-0.0125529,-0.236187,4.71005,0.959246
106,0.00153398,-0.665911,-0.00250867,-0.440508,-0.0116235,0.0119397,0.394129,8.66628e-05,0.328247,-0.00775554,0.220026,0.00034166,-0.000362527,-0.00592636,-0.103615,3.14108,0.434303,0.732844,0.0131007,-0.0127735,-0.23928,4.70049,1.13991
107,0.00153398,-0.663304,-0.00250867,-0.438378,-0.0116235,0.0119397,0.394129,6.98893e-05,0.327772,-0.00625447,0.228984,0.000275533,-0.00029236,-0.00477932,-0.105628,3.15378,0.390135,0.652791,0.013315,-0.012996,-0.243361,4.1174,1.25387
108,0.00153398,-0.660752,-0.00241744,-0.436418,-0.0117025,0.0120188,0.394027,5.63624e-05,0.326066,-0.00283727,0.232078,-0.00169048,0.00167691,-0.00633962,-0.107661,3.21594,0.341419,0.665976,0.0188686,-0.0185579,-0.246527,3.56472,1.11152
109,0.00153398,-0.658091,-0.00232622,-0.434287,-0.0115444,0.0120188,0.393924,4.54535e-05,0.327299,-8.20916e-05,0.238681,0.00246099,0.00135234,-0.00759723,-0.109713,3.12395,0.315522,0.589175,0.00347057,-0.0138429,-0.250051,4.1293,1.22804
110,0.00153398,-0.655539,-0.00214377,-0.432242,-0.0116235,0.0119397,0.393924,3.66561e-05,0.325728,0.00435022,0.241994,7.0639e-05,-0.000823428,-0.0061268,-0.111785,3.25111,0.239464,0.578448,0.0189116,-0.00873459,-0.254242,3.23297,1.14983
111,0.00153398,-0.653014,-0.00209816,-0.430452,-0.0115444,0.012177,0.393821,2.95613e-05,0.323784,0.00461198,0.238463,0.00197037,0.00507615,-0.00742723,-0.113876,3.35987,0.261483,0.632198,0.00885443,-0.0299191,-0.257518,2.92963,0.94794
112,0.00153398,-0.650272,-0.00214377,-0.428492,-0.0114653,0.0120979,0.393821,2.38398e-05,0.327456,0.00261587,0.239728,0.00350194,0.00218074,-0.0059897,-0.115986,3.1957,0.299479,0.577319,0.00868278,-0.00998961,-0.261782,4.19272,1.06433
113,0.00153398,-0.64772,-0.00232622,-0.426702,-0.0117025,0.0118607,0.393821,1.92256e-05,0.325826,-0.00230476,0.23663,-0.00291523,-0.00398071,-0.00483041,-0.118116,3.42036,0.389943,0.615679,0.029862,0.000845008,-0.265761,2.79366,0.924193
114,0.00153398,-0.645168,-0.00232622,-0.424998,-0.0116235,0.0119397,0.393718,1.55046e-05,0.324509,-0.00185867,0.232068,-0.000437903,-0.00129716,-0.00638135,-0.120265,3.54179,0.345869,0.645546,0.00992707,-0.0195546,-0.269147,2.68426,0.84996
115,0.00153398,-0.642561,-0.00232622,-0.423293,-0.0113862,0.012177,0.393718,1.25037e-05,0.32475,-0.00149893,0.228382,0.00538503,0.00469208,-0.00514625,-0.122433,3.61088,0.347421,0.658398,-0.000913032,-0.0308633,-0.273521,2.90676,0.838504
116,0.00153398,-0.639928,-0.00218938,-0.421759,-0.0115444,0.0120188,0.393616,1.00836e-05,0.325607,0.00210155,0.221289,0.000516959,-4.18724e-05,-0.00663582,-0.124621,3.69551,0.273726,0.727204,0.0248183,-0.0056046,-0.276981,2.94818,0.701072
117,0.00153398,-0.637294,-0.00205254,-0.420226,-0.0115444,0.0120188,0.393616,8.13194e-06,0.326319,0.00500629,0.215582,0.000416903,-3.3768e-05,-0.00535147,-0.126829,3.81265,0.234253,0.760353,0.0151678,-0.0157316,-0.281428,2.81563,0.688872
118,0.00153398,-0.634634,-0.00196132,-0.418947,-0.0115444,0.0120188,0.393513,6.55802e-06,0.32754,0.0062446,0.204787,0.000336212,-2.72323e-05,-0.00680172,-0.129056,3.91139,0.219877,0.876621,0.0154032,-0.0159768,-0.284962,2.85019,0.487127
119,0.00153398,-0.631864,-0.0018701,-0.417669,-0.0115444,0.0120188,0.393513,5.28872e-06,0.331116,0.00724208,0.196065,0.000271139,-2.19615e-05,-0.00548526,-0.131302,3.90689,0.194111,0.938591,0.0156406,-0.016224,-0.289482,3.38658,0.471235
120,0.00153398,-0.629176,-0.00191571,-0.416305,-0.0115444,0.0120188,0.39341,4.2651e-06,0.332076,0.00473657,0.191114,0.00021866,-1.77109e-05,-0.00691005,-0.133567,4.08761,0.243618,0.975023,0.0158799,-0.0164733,-0.293089,2.69899,0.520979
121,0.00153398,-0.626461,-0.00200693,-0.415027,-0.0115444,0.0120188,0.393307,3.4396e-06,0.333482,0.00161301,0.185048,0.000176339,-1.4283e-05,-0.00805811,-0.135852,4.19903,0.284016,1.05889,0.0161212,-0.0167246,-0.297054,2.73246,0.443847
122,0.00149746,-0.623692,-0.00209816,-0.413408,-0.0115444,0.0120188,0.393307,-0.000880837,0.335935,-0.000906172,0.188406,0.000142209,-1.15185e-05,-0.00649848,-0.10072,4.27508,0.313027,1.01708,0.0163644,-0.0169779,-0.301685,2.96272,0.686189
123,0.00153398,-0.62095,-0.00205254,-0.411618,-0.0116235,0.0119397,0.393102,0.000173324,0.337261,0.000372793,0.19524,-0.00179843,-0.0019224,-0.0102125,-0.163307,4.43455,0.266793,0.997144,0.0219469,-0.011896,-0.304773,2.65494,0.801672
124,0.00153398,-0.618316,-0.00200693,-0.410084,-0.0115444,0.0120188,0.393102,0.000139777,0.335695,0.00140407,0.194561,0.000462507,0.000362528,-0.00823588,-0.142823,4.72834,0.254781,1.09761,0.0119151,-0.0224323,-0.309798,1.83763,0.598735
125,0.00153398,-0.615466,-0.0018701,-0.408039,-0.0115444,0.0120188,0.393102,0.000112724,0.339684,0.00444252,0.206382,0.00037299,0.000292362,-0.00664184,-0.145186,4.69831,0.192609,0.980788,0.0171061,-0.0177498,-0.314218,3.17282,0.970954
126,0.00153398,-0.612615,-0.00182448,-0.406164,-0.0117025,0.0118607,0.392999,9.09063e-05,0.342931,0.00468654,0.211811,-0.00352644,-0.00359146,-0.00784287,-0.147568,4.81957,0.203429,1.03177,0.0280318,-0.00733674,-0.318046,3.01052,0.830167
127,0.00153398,-0.609818,-0.0018701,-0.40446,-0.0117025,0.0118607,0.392896,7.33115e-05,0.344204,0.00267611,0.212046,-0.0028439,-0.00289634,-0.00881031,-0.149969,5.02424,0.241628,1.10143,0.0184016,-0.0174836,-0.322231,2.49608,0.688389
128,0.00153398,-0.606832,-0.0018701,-0.402414,-0.0116235,0.0119397,0.392896,5.91222e-05,0.349835,0.00215815,0.220486,-0.000380537,-0.000422826,-0.00710509,-0.15239,4.97296,0.23195,1.02678,0.0133199,-0.0230858,-0.327083,3.6709,0.936089
129,0.00153398,-0.603981,-0.00182448,-0.400369,-0.0116235,0.0117816,0.392794,4.76792e-05,0.351105,0.00284413,0.227302,-0.000306885,-0.00416757,-0.00821603,-0.154831,5.22568,0.208601,1.02832,0.0185191,-0.00773659,-0.331021,2.58831,0.921672
130,0.00153398,-0.601049,-0.00182448,-0.398238,-0.0117025,0.0118607,0.392691,3.8451e-05,0.354076,0.00229365,0.234842,-0.00216011,-0.00144832,-0.0091111,-0.157266,5.29176,0.221743,1.00172,0.0241036,-0.023214,-0.335281,3.11373,0.982113
131,0.00153398,-0.597954,-0.00191571,-0.395767,-0.0116235,0.0119397,0.392691,3.10088e-05,0.360419,-0.000357111,0.249176,0.000170804,0.000744831,-0.00734766,-0.159686,5.19736,0.27365,0.883339,0.0140608,-0.0238543,-0.340152,4.32128,1.24806
132,0.00153398,-0.594913,-0.00191571,-0.393637,-0.0117025,0.0118607,0.392588,2.50071e-05,0.364249,-0.000287992,0.252507,-0.00177579,-0.00131286,-0.00841197,-0.162106,5.27265,0.252579,0.948179,0.0245764,-0.0138206,-0.344074,3.89112,0.985363
133,0.00153398,-0.591899,-0.0018701,-0.391676,-0.0116235,0.0119397,0.392485,2.0167e-05,0.366645,0.000871028,0.251046,0.00048051,0.000853837,-0.00926907,-0.164526,5.34795,0.229227,0.992778,0.014534,-0.0243452,-0.348319,3.68375,0.853404
134,0.00153398,-0.588478,-0.0018701,-0.389375,-0.0117025,0.0118607,0.392383,1.62637e-05,0.378447,0.000702442,0.258127,-0.00152556,-0.00122449,-0.00996089,-0.166947,4.89722,0.242364,0.891436,0.0250499,-0.0143118,-0.352564,6.72087,1.12872
135,0.00153398,-0.585193,-0.00182448,-0.387245,-0.0118607,0.0117025,0.39228,1.31159e-05,0.384717,0.00167053,0.259736,-0.00505814,-0.00481534,-0.0105199,-0.169367,4.87069,0.219012,0.918992,0.0310198,-0.0088249,-0.356811,5.64319,0.992183
136,0.00153398,-0.582017,-0.00177887,-0.385285,-0.0117025,0.0118607,0.39228,1.05774e-05,0.387077,0.00245028,0.256867,-0.00025466,-5.88551e-05,-0.00848381,-0.171788,4.89506,0.207062,0.963591,0.0106992,-0.0296287,-0.361688,4.77095,0.855483
137,0.00153398,-0.578514,-0.00182448,-0.382813,-0.0115444,0.0120188,0.392177,8.53012e-06,0.396887,0.000872604,0.266938,0.00362033,0.00377824,-0.00932734,-0.174209,4.44429,0.245285,0.80792,0.0101461,-0.0306655,-0.365615,7.26992,1.26539
138,0.00153398,-0.575175,-0.00177887,-0.380683,-0.0119397,0.0116235,0.392074,6.87913e-06,0.400884,0.00180752,0.266831,-0.00664791,-0.00652056,-0.0100085,-0.17663,4.40076,0.210529,0.872759,0.0469536,0.00565793,-0.369865,5.90534,0.992497
139,0.00153398,-0.571835,-0.00191571,-0.378638,-0.0117816,0.0117816,0.391972,5.54769e-06,0.404072,-0.00185225,0.26466,-0.00153592,-0.00143322,-0.0105566,-0.179051,4.2554,0.298925,0.890194,0.0118081,-0.029972,-0.374116,5.82627,0.924913
140,0.00153398,-0.568197,-0.00191571,-0.376166,-0.0115444,0.0118607,0.391972,4.47394e-06,0.413884,-0.00149375,0.273228,0.00450042,0.000757198,-0.00851341,-0.181472,3.73671,0.266451,0.753165,0.00591846,-0.0256717,-0.378998,7.99246,1.26371
141,0.00153398,-0.564885,-0.00209816,-0.374036,-0.0117816,0.0117816,0.391972,3.60802e-06,0.413932,-0.00561975,0.271902,-0.00211101,-0.00130282,-0.00686565,-0.183893,3.8119,0.368534,0.818003,0.0369938,-0.0156394,-0.38356,5.46148,0.988719
142,0.00153398,-0.56141,-0.00218938,-0.371649,-0.0117025,0.0118607,0.391869,2.90969e-06,0.417873,-0.00673853,0.276992,0.000210101,0.000861867,-0.00802194,-0.186314,3.47983,0.374833,0.726779,0.0170694,-0.0261653,-0.387493,6.58909,1.18926
143,0.00153398,-0.557826,-0.00218938,-0.369008,-0.0115444,0.0118607,0.391766,2.34653e-06,0.423695,-0.0054343,0.287293,0.00399525,0.000695054,-0.00895494,-0.188736,3.1138,0.353768,0.609989,0.0115754,-0.0214706,-0.391749,7.25405,1.38558
144,0.00153398,-0.554568,-0.00218938,-0.366621,-0.0117816,0.0117816,0.391766,1.89236e-06,0.420526,-0.0043825,0.289428,-0.00251805,-0.00135282,-0.00722172,-0.191158,3.22287,0.355508,0.630618,0.0377094,-0.0163808,-0.396635,4.87154,1.18137
145,0.00153398,-0.551174,-0.00205254,-0.363894,-0.0116235,0.0119397,0.391663,1.5261e-06,0.42123,-0.000224137,0.299379,0.00179485,0.00273456,-0.00830942,-0.193579,2.95862,0.281988,0.486662,0.0124482,-0.0322446,-0.400572,5.79836,1.44363
146,0.00153398,-0.547672,-0.00200693,-0.361082,-0.0116235,0.0119397,0.391663,1.23072e-06,0.424428,0.000922652,0.309467,0.00144746,0.00220529,-0.00670114,-0.196001,2.64345,0.292849,0.390111,0.0225709,-0.0226088,-0.40546,6.42924,1.50692
147,0.00153398,-0.544387,-0.0018701,-0.358525,-0.0117025,0.0118607,0.391561,9.92518e-07,0.421781,0.0040555,0.311441,-0.000746207,-0.000135055,-0.00789056,-0.198423,2.66763,0.23073,0.393692,0.0281473,-0.0175198,-0.409399,4.86659,1.30754
148,0.00153398,-0.541102,-0.00173326,-0.355713,-0.0116235,0.0119397,0.391458,8.00418e-07,0.419611,0.00658048,0.319188,0.00131086,0.00180373,-0.00884864,-0.200845,2.55605,0.191414,0.259855,0.0181075,-0.0280473,-0.413661,4.86426,1.50051
149,0.00153398,-0.537789,-0.00173326,-0.352986,-0.0117816,0.0117816,0.391355,6.45498e-07,0.41853,0.00530684,0.323386,-0.00276878,-0.00237131,-0.0096217,-0.203268,2.41052,0.227357,0.209107,0.0339635,-0.0126794,-0.417923,4.96891,1.43438
150,0.00153398,-0.534531,-0.00173326,-0.350429,-0.0117025,0.0120188,0.391252,5.20563e-07,0.41637,0.00427971,0.322667,-0.000319328,0.00382833,-0.0102459,-0.20569,2.34982,0.22909,0.194044,0.0189824,-0.0388234,-0.422187,4.54015,1.30355
151,0.00153398,-0.531273,-0.00164204,-0.347788,-0.0116235,0.0119397,0.391252,4.19809e-07,0.414592,0.00565806,0.324121,0.00165519,0.00117466,-0.00826283,-0.208112,2.25518,0.18065,0.114532,0.0188271,-0.0189096,-0.427081,4.51094,1.36634
152,0.00153398,-0.528042,-0.00168765,-0.345487,-0.0117025,0.0118607,0.391252,3.38556e-07,0.412533,0.00345917,0.31707,-0.00057864,-0.000966163,-0.00666357,-0.210535,2.19447,0.230275,0.162319,0.0293463,-0.0187635,-0.431655,4.24347,1.10893
153,0.00153398,-0.524866,-0.00173326,-0.3431,-0.0116235,0.0119397,0.39115,2.73029e-07,0.409533,0.00168625,0.313426,0.00144617,0.00113366,-0.00785936,-0.212958,2.18465,0.245692,0.108373,0.0193075,-0.0292919,-0.435601,3.89361,1.17149
154,0.00153398,-0.521689,-0.00177887,-0.340885,-0.0116235,0.0117816,0.39115,2.20184e-07,0.407095,0.000256723,0.306352,0.00116627,-0.00291053,-0.00633819,-0.215381,2.1409,0.26111,0.127396,0.0244897,-0.0139249,-0.440498,3.84554,1.04362
155,0.00153398,-0.518567,-0.00182448,-0.338925,-0.0117025,0.0118607,0.390944,1.77568e-07,0.403848,-0.000896582,0.294484,-0.000972642,-0.000434017,-0.0100834,-0.217804,2.16501,0.276528,0.190628,0.0300674,-0.0293953,-0.443817,3.46798,0.853198
156,0.00153398,-0.515472,-0.00182448,-0.336624,-0.0117025,0.0120188,0.390944,1.432e-07,0.400584,-0.00072305,0.29317,-0.000784389,0.00347697,-0.00813178,-0.220227,2.18913,0.26686,0.0892773,0.0253664,-0.0353776,-0.449038,3.35475,1.10513
157,0.00153398,-0.512485,-0.00173326,-0.334663,-0.0116235,0.0117816,0.390841,1.15484e-07,0.395289,0.00162342,0.283837,0.00127999,-0.00293369,-0.00904307,-0.22265,2.33203,0.218423,0.171151,0.0202702,-0.00973228,-0.452989,2.69662,0.854135
158,0.00153398,-0.50939,-0.00164204,-0.332874,-0.0116235,0.0119397,0.390739,9.31322e-08,0.39367,0.00351642,0.272203,0.00103225,0.00146046,-0.00977877,-0.225073,2.27131,0.19279,0.232785,0.0254532,-0.0354825,-0.457261,3.31699,0.729762
159,0.00149746,-0.506377,-0.00159642,-0.330829,-0.0116235,0.0119397,0.390739,-0.000883625,0.390392,0.00393943,0.269005,0.000832462,0.00117779,-0.0078861,-0.19006,2.38027,0.192242,0.175643,0.0256943,-0.0258491,-0.462164,2.90471,0.916996
160,0.00153398,-0.503471,-0.00173326,-0.329209,-0.0116235,0.0117816,0.390636,0.000170956,0.385111,-0.000133322,0.256111,0.00067134,-0.00287588,-0.00884532,-0.252746,2.57409,0.280637,0.310247,0.0259357,-0.0154252,-0.466118,2.31462,0.610445
161,0.00153398,-0.500485,-0.00182448,-0.327675,-0.0116235,0.0119397,0.390533,0.000137868,0.382821,-0.00231436,0.24365,0.000541404,0.00150643,-0.00961887,-0.232343,2.59823,0.298336,0.378806,0.0261772,-0.036234,-0.470394,2.79841,0.550515
162,0.00153398,-0.497553,-0.00182448,-0.3258,-0.0117025,0.0118607,0.390533,0.000111184,0.379682,-0.00186642,0.241861,-0.00147679,-0.000698535,-0.00775715,-0.234767,2.74116,0.277266,0.320067,0.0317562,-0.0212639,-0.475301,2.58761,0.796944
163,0.00149746,-0.494811,-0.00177887,-0.324096,-0.0117025,0.0117025,0.390533,-0.00079379,0.372524,-0.000401879,0.236277,-0.00119096,-0.0043886,-0.00625577,-0.199754,3.08772,0.253916,0.390225,0.0270565,-0.0157822,-0.479888,1.71775,0.681725
164,0.00153398,-0.49196,-0.00182448,-0.322306,-0.0117025,0.0118607,0.39043,0.000243501,0.369395,-0.00142765,0.233845,-0.000960449,0.000286939,-0.00753081,-0.262441,3.17977,0.292141,0.395934,0.0272988,-0.0365913,-0.483846,2.36943,0.742877
165,0.00153398,-0.489191,-0.00191571,-0.320346,-0.0116235,0.0119397,0.390328,0.000196372,0.364911,-0.00335878,0.236015,0.00113882,0.00214478,-0.00855947,-0.242038,3.44153,0.332647,0.365958,0.0222041,-0.032296,-0.488127,2.09904,0.865774
166,0.00153398,-0.486421,-0.00191571,-0.318642,-0.0117816,0.0117816,0.390328,0.000158364,0.361269,-0.0027087,0.231563,-0.00290686,-0.00209561,-0.0069028,-0.244463,3.65239,0.311579,0.454758,0.0380631,-0.0169313,-0.493038,2.22601,0.692319
167,0.00153398,-0.483598,-0.00182448,-0.316937,-0.0117025,0.0118607,0.390122,0.000127713,0.359661,2.26512e-05,0.227981,-0.000431192,0.000223047,-0.0105384,-0.246887,3.7954,0.263144,0.487633,0.0230851,-0.0324039,-0.496371,2.56865,0.693542
168,0.00153398,-0.480855,-0.00177887,-0.315148,-0.0117025,0.0118607,0.390122,0.000102995,0.3564,0.00112192,0.227159,-0.000347735,0.000179877,-0.00849871,-0.249312,4.07418,0.2626,0.493344,0.0282701,-0.0277139,-0.501605,2.33098,0.756825
169,0.00153398,-0.478086,-0.00177887,-0.313529,-0.0117025,0.0118607,0.390019,8.30602e-05,0.354431,0.000904773,0.222374,-0.000280432,0.000145062,-0.00934002,-0.251736,4.26813,0.275739,0.572025,0.0285134,-0.0279659,-0.505569,2.57019,0.644001
170,0.00153398,-0.475181,-0.00182448,-0.311824,-0.0117025,0.0118607,0.389917,6.6984e-05,0.356092,-0.000373499,0.220556,-0.000226155,0.000116985,-0.0100172,-0.254161,4.30939,0.302562,0.586259,0.0287569,-0.0282182,-0.509855,3.18753,0.697935
171,0.00153398,-0.472412,-0.00191571,-0.309949,-0.0116235,0.0117816,0.389814,5.40194e-05,0.354184,-0.00250868,0.223237,0.00173101,-0.00181905,-0.0105647,-0.256586,4.60518,0.343069,0.564807,0.0236632,-0.0231334,-0.514143,2.70996,0.818395
172,0.00153398,-0.469724,-0.0018701,-0.30833,-0.0117025,0.0118607,0.389711,4.3564e-05,0.350648,-0.000919836,0.219196,-0.00051665,0.00044565,-0.0110051,-0.259011,4.91797,0.296915,0.662132,0.0341859,-0.033665,-0.518431,2.55326,0.655082
173,0.00153398,-0.466792,-0.0018701,-0.306626,-0.0117025,0.0118607,0.389609,3.51323e-05,0.353713,-0.000741803,0.218002,-0.000416653,0.000359395,-0.0113606,-0.261436,4.87443,0.310055,0.676366,0.029488,-0.0289759,-0.522721,3.54403,0.702961
174,0.00153398,-0.463805,-0.0018701,-0.305092,-0.0117025,0.0117025,0.389609,2.83325e-05,0.35753,-0.000598228,0.212933,-0.00033601,-0.00353742,-0.00916177,-0.263861,4.91574,0.311793,0.763572,0.0297321,-0.0185543,-0.527641,3.79016,0.587214
175,0.00149746,-0.460873,-0.0018701,-0.303728,-0.0116235,0.0117816,0.389506,-0.000860661,0.359262,-0.000482442,0.204704,0.00164178,-0.000940007,-0.00987395,-0.22885,5.05888,0.313531,0.867823,0.0246392,-0.034028,-0.531612,3.61617,0.475962
176,0.00153398,-0.457859,-0.00191571,-0.302194,-0.0117025,0.0118607,0.3893,0.000189419,0.362628,-0.00149242,0.202191,-0.000588718,0.00115466,-0.0129337,-0.291538,5.06627,0.340356,0.880461,0.0351626,-0.0346765,-0.535276,3.94682,0.58576
177,0.00153398,-0.454846,-0.00196132,-0.300745,-0.0117025,0.0117025,0.3893,0.000152757,0.365372,-0.00230738,0.198117,-0.000474773,-0.00289586,-0.0104304,-0.271137,5.12458,0.355779,0.957549,0.0304654,-0.0193135,-0.54052,3.96904,0.528798
178,0.00153398,-0.451778,-0.00200693,-0.299126,-0.0117025,0.0117025,0.389198,0.000123191,0.368866,-0.0029641,0.198939,-0.000382881,-0.00233537,-0.0108969,-0.273563,5.11502,0.371202,0.961667,0.0307103,-0.0294505,-0.544494,4.18529,0.639928
179,0.00153398,-0.448601,-0.00205254,-0.297337,-0.0117025,0.0117025,0.389095,9.93477e-05,0.374314,-0.00349376,0.203726,-0.000308775,-0.00188336,-0.0112732,-0.275989,5.00364,0.386626,0.948741,0.0309553,-0.0297039,-0.548791,4.60744,0.749273
180,0.00153398,-0.445642,-0.00200693,-0.295547,-0.0116235,0.0117816,0.389095,8.01191e-05,0.373485,-0.0017137,0.207606,0.00166459,0.000394757,-0.00909131,-0.278415,5.23164,0.351878,0.9731,0.0258633,-0.0352947,-0.553718,3.74925,0.756848
181,0.00153398,-0.442574,-0.00196132,-0.293587,-0.0117025,0.0118607,0.388992,6.46122e-05,0.375408,-0.000278712,0.214837,-0.000570228,0.00223099,-0.00981697,-0.280841,5.18814,0.339935,0.94313,0.0363876,-0.035944,-0.557695,4.18814,0.866777
182,0.00153398,-0.43937,-0.00177887,-0.291542,-0.0116235,0.0116235,0.388889,5.21066e-05,0.380258,0.00418935,0.222739,0.00145317,-0.00393992,-0.0104027,-0.283267,5.04284,0.252732,0.92328,0.026354,-0.0152447,-0.561995,4.70475,0.918668
183,0.00153398,-0.436058,-0.00168765,-0.289581,-0.0116235,0.0117816,0.388889,4.20214e-05,0.386807,0.00558584,0.227056,0.00117191,0.000649169,-0.00838928,-0.285693,4.84662,0.249908,0.949237,0.0315414,-0.0409989,-0.566925,5.10323,0.858055
184,0.00153398,-0.432963,-0.00168765,-0.287536,-0.0117025,0.0118607,0.388787,3.38883e-05,0.386814,0.00450471,0.232587,-0.000967696,0.00243631,-0.00925101,-0.28812,4.98977,0.27445,0.929388,0.0371243,-0.0367069,-0.570906,4.23309,0.921638
185,0.00153398,-0.429732,-0.00182448,-0.285235,-0.0116235,0.0116235,0.388787,2.73292e-05,0.390113,0.000322255,0.243239,0.00113262,-0.0037743,-0.0074605,-0.290546,4.82748,0.351446,0.846688,0.0270912,-0.0160081,-0.575839,4.71187,1.0857
186,0.00153398,-0.426447,-0.0018701,-0.282764,-0.0115444,0.0117025,0.388581,2.20397e-05,0.394082,-0.000843559,0.255949,0.00282628,-0.00113091,-0.0109877,-0.292973,4.68215,0.344061,0.765586,0.0269419,-0.0364256,-0.579193,4.8602,1.19571
187,0.00153398,-0.423216,-0.00182448,-0.280463,-0.0117025,0.0118607,0.388478,1.7774e-05,0.395976,0.000423266,0.262081,-0.00154689,0.00291413,-0.0113469,-0.2954,4.63862,0.309311,0.776095,0.0428043,-0.042413,-0.583819,4.63302,1.08451
188,0.00149746,-0.419985,-0.00177887,-0.277821,-0.0116235,0.0117816,0.388376,-0.000869397,0.397511,0.00144499,0.275279,0.000665738,0.000436871,-0.0116368,-0.26039,4.56115,0.297366,0.640664,0.0278298,-0.0274475,-0.588126,4.56847,1.30752
189,0.00153398,-0.416754,-0.00173326,-0.27552,-0.0117816,0.0116235,0.388478,0.00018266,0.398753,0.00226903,0.277677,-0.00328982,-0.00347439,-0.00689829,-0.32308,4.48367,0.28542,0.688457,0.0436929,-0.0219703,-0.593692,4.56159,1.08321
190,0.00153398,-0.413387,-0.00164204,-0.273219,-0.0117025,0.0120188,0.388376,0.000147307,0.40301,0.00403647,0.279591,-0.000740435,0.00676129,-0.00804842,-0.30268,4.2365,0.248387,0.661681,0.028719,-0.0587958,-0.597359,4.97333,1.07659
191,0.00153398,-0.409939,-0.0015052,-0.270748,-0.0117025,0.0117025,0.388273,0.000118796,0.40842,0.00656544,0.285263,-0.000597125,-0.00219861,-0.00897617,-0.305108,3.97234,0.197669,0.580576,0.0339082,-0.0129937,-0.601669,5.14569,1.18256
192,0.00153398,-0.406681,-0.00141398,-0.268532,-0.0117025,0.0115444,0.388273,9.58029e-05,0.408216,0.00750236,0.283673,-0.000481553,-0.00560016,-0.00723885,-0.307535,3.99664,0.183438,0.618248,0.0341555,-0.0223426,-0.606609,4.48051,1.02357
193,0.00153398,-0.403342,-0.00145959,-0.266146,-0.0116235,0.0120979,0.38817,7.72604e-05,0.409979,0.00494705,0.286484,0.00152417,0.0088714,-0.00832291,-0.309963,3.80033,0.233063,0.545665,0.0290658,-0.0698429,-0.6106,4.66723,1.12882
194,0.00153398,-0.399921,-0.00145959,-0.263845,-0.0117025,0.0118607,0.388067,6.23068e-05,0.413394,0.00398956,0.286705,-0.000683889,0.00141517,-0.00919785,-0.31239,3.5531,0.223393,0.537529,0.0395925,-0.0194951,-0.614914,4.85211,1.06844
195,0.00153398,-0.396473,-0.0015052,-0.261799,-0.0116235,0.0117816,0.387965,5.02474e-05,0.416823,0.00211361,0.280709,0.00136194,-0.000772196,-0.00990397,-0.314818,3.32282,0.250213,0.592244,0.0295612,-0.0292406,-0.619228,4.8742,0.901516
196,0.00153398,-0.393133,-0.00145959,-0.259584,-0.0115444,0.0120188,0.387965,4.05221e-05,0.41692,0.00280776,0.279971,0.00301086,0.00511483,-0.00798707,-0.317246,3.24525,0.215458,0.536705,0.0294136,-0.0504512,-0.624173,4.45118,1.01451
197,0.00153398,-0.389848,-0.00141398,-0.257368,-0.0116235,0.0117816,0.387862,3.26791e-05,0.41571,0.0033679,0.279393,0.000514992,-0.0016145,-0.00892709,-0.319674,3.16766,0.203507,0.518449,0.0399405,-0.0198714,-0.628169,4.23743,1.01619
198,0.00153398,-0.386455,-0.00136836,-0.255408,-0.0117816,0.0117816,0.387759,2.63541e-05,0.41737,0.00381974,0.272746,-0.0034113,-0.00130202,-0.00968542,-0.322102,2.92037,0.191557,0.581686,0.0459213,-0.0349544,-0.632487,4.5192,0.847507
199,0.00153398,-0.383088,-0.00127714,-0.252936,-0.0117025,0.0118607,0.387656,2.12533e-05,0.41803,0.00528722,0.279742,-0.000838261,0.000862774,-0.0102963,-0.32453,2.77488,0.154518,0.426011,0.0309491,-0.0405491,-0.636806,4.2878,1.17004
200,0.00153398,-0.379857,-0.00123153,-0.250721,-0.0117816,0.0117816,0.387656,1.71398e-05,0.415268,0.00536714,0.279192,-0.00258857,-0.00121677,-0.00830346,-0.326959,2.78209,0.153969,0.463681,0.0414772,-0.0305277,-0.641755,3.91153,1.01572
201,0.00153398,-0.376681,-0.00127714,-0.24859,-0.0117025,0.0118607,0.387554,1.38224e-05,0.411777,0.00322437,0.276721,-0.000173771,0.000932521,-0.00918311,-0.329387,2.77233,0.192189,0.472588,0.0314472,-0.0410647,-0.645756,3.75691,0.964867
202,0.00153398,-0.373314,-0.00118591,-0.246119,-0.0117025,0.0118607,0.387554,1.11471e-05,0.413512,0.00480688,0.282942,-0.000140138,0.000752033,-0.00740573,-0.331816,2.49106,0.132343,0.354197,0.0366384,-0.036381,-0.650707,4.13591,1.16524
203,0.00153398,-0.370137,-0.00123153,-0.243988,-0.0117025,0.0117025,0.387451,8.9896e-06,0.410342,0.00277282,0.279732,-0.000113014,-0.00322017,-0.00845853,-0.334245,2.56613,0.181966,0.41903,0.0368877,-0.0259649,-0.65471,3.67986,0.963791
204,0.00153398,-0.366934,-0.00123153,-0.241943,-0.0116235,0.0119397,0.387451,7.24967e-06,0.408434,0.00223615,0.275076,0.00182197,0.00314242,-0.0068214,-0.336673,2.48847,0.172293,0.436459,0.0317999,-0.0521186,-0.659664,3.73972,0.909065
205,0.00153398,-0.363757,-0.00118591,-0.239471,-0.0116235,0.0119397,0.387348,5.84651e-06,0.406213,0.00290656,0.281611,0.00146933,0.00253421,-0.00798619,-0.339102,2.46171,0.148937,0.299424,0.0369913,-0.0375519,-0.663669,3.56789,1.17229
206,0.00153398,-0.360716,-0.00127714,-0.237597,-0.0117816,0.0116235,0.387245,4.71493e-06,0.401166,0.000136762,0.27247,-0.00264142,-0.00560902,-0.00892646,-0.341532,2.58766,0.212243,0.44575,0.0479155,-0.016462,-0.667996,3.37662,0.815171
207,0.00153398,-0.357513,-0.00118591,-0.235466,-0.0117025,0.0118607,0.387143,3.80236e-06,0.401037,0.00231753,0.271283,-0.000216995,0.00121615,-0.00968475,-0.343961,2.42515,0.140995,0.380088,0.0329447,-0.0524999,-0.672324,3.68201,0.960493
208,0.00149746,-0.35439,-0.0011403,-0.233165,-0.0116235,0.0117816,0.38704,-0.0008805,0.39895,0.00297241,0.274442,0.00173788,-0.000932106,-0.0102959,-0.308954,2.46626,0.140445,0.316024,0.0327996,-0.0325962,-0.676653,3.45095,1.06873
209,0.00153398,-0.351512,-0.0011403,-0.231375,-0.0117025,0.0117025,0.38704,0.00017347,0.391355,0.00239711,0.264618,-0.000511325,-0.00266454,-0.00830312,-0.371646,2.76191,0.153577,0.452229,0.043329,-0.03246,-0.681613,3.08885,0.77717
210,0.00153398,-0.348309,-0.0011403,-0.22933,-0.0116235,0.0119397,0.386937,0.000139895,0.393136,0.00193315,0.262896,0.0015011,0.00359156,-0.00918241,-0.351249,2.49759,0.155307,0.395089,0.0333003,-0.053673,-0.685623,3.70516,0.908643
211,0.00153398,-0.345322,-0.00104908,-0.227455,-0.0117025,0.0118607,0.386937,0.000112818,0.389286,0.00376561,0.257364,-0.000702081,0.000983772,-0.00740517,-0.353678,2.70839,0.106863,0.448203,0.04383,-0.0337701,-0.690585,3.3221,0.82219
212,0.00149746,-0.342363,-0.00100347,-0.225666,-0.0117816,0.0117816,0.386834,-0.000792597,0.385533,0.00414024,0.250847,-0.0024791,-0.00111954,-0.00845753,-0.318672,2.81739,0.106311,0.491198,0.0444764,-0.0336349,-0.694598,3.33097,0.774743
213,0.00153398,-0.339349,-0.000957854,-0.22362,-0.0117025,0.0118607,0.386834,0.000244598,0.383838,0.00444262,0.251788,-8.59153e-05,0.0010105,-0.00682059,-0.381364,2.84156,0.0943546,0.434059,0.0344486,-0.0441741,-0.699562,3.39368,0.922363
214,0.00153398,-0.336471,-0.00104908,-0.221831,-0.0116235,0.0117816,0.386732,0.000197256,0.379166,0.00137598,0.246348,0.0018435,-0.00109786,-0.00798594,-0.360967,3.06935,0.157658,0.514338,0.0343046,-0.0341553,-0.703578,3.27329,0.783574
215,0.00153398,-0.333539,-0.00104908,-0.219956,-0.0117025,0.0118607,0.386629,0.000159078,0.376717,0.00110966,0.244026,-0.00042627,0.00102759,-0.00892598,-0.363398,3.14444,0.13658,0.511528,0.044835,-0.0446949,-0.707915,3.39597,0.830488
216,0.00153398,-0.33058,-0.00100347,-0.218251,-0.0117025,0.0118607,0.386526,0.000128289,0.375419,0.00199866,0.238041,-0.000343766,0.0008287,-0.00968471,-0.365828,3.21953,0.113222,0.581688,0.0401447,-0.0400138,-0.712253,3.53568,0.730864
217,0.00153398,-0.327756,-0.00100347,-0.216632,-0.0116235,0.0117816,0.386526,0.000103458,0.371055,0.00161183,0.231134,0.00163536,-0.00124428,-0.00781025,-0.368258,3.4813,0.126353,0.641728,0.0350593,-0.0349376,-0.717222,3.41139,0.694628
218,0.00153398,-0.324824,-0.00100347,-0.214928,-0.0116235,0.0117816,0.386423,8.34343e-05,0.370169,0.00129986,0.227629,0.00131884,-0.00100346,-0.00878401,-0.370689,3.52248,0.128081,0.655962,0.040253,-0.0401404,-0.721242,3.60812,0.736393
219,0.00153398,-0.321864,-0.000957854,-0.213309,-0.0117025,0.0117025,0.386321,6.72857e-05,0.370134,0.002152,0.222753,-0.000849795,-0.00272261,-0.00957011,-0.37312,3.59761,0.104723,0.716004,0.0458422,-0.0350642,-0.725583,3.71771,0.686864
220,0.00153398,-0.319095,-0.000957854,-0.21186,-0.0116235,0.0117816,0.386321,5.42627e-05,0.365513,0.00173549,0.2147,0.00122822,-0.000282116,-0.00771783,-0.37555,3.92728,0.117854,0.811732,0.0358153,-0.0456045,-0.730555,3.57525,0.608783
221,0.00153398,-0.316163,-0.00086663,-0.21007,-0.0116235,0.0117816,0.386218,4.37602e-05,0.36568,0.00360572,0.216425,0.000990501,-0.000227513,-0.0087088,-0.377981,3.93457,0.0694078,0.761519,0.0410096,-0.040924,-0.734578,3.7412,0.788446
222,0.00153398,-0.313258,-0.000821018,-0.208536,-0.0117025,0.0117025,0.386218,3.52905e-05,0.365196,0.0040115,0.211654,-0.00111447,-0.00209674,-0.00702323,-0.380412,4.07761,0.0688535,0.867368,0.0465993,-0.0358483,-0.739553,3.84662,0.648784
223,0.00153398,-0.310407,-0.000775406,-0.206832,-0.0117816,0.0117816,0.386115,2.84601e-05,0.363481,0.00433856,0.211923,-0.00281171,0.000222016,-0.00814956,-0.382843,4.27157,0.0568955,0.862963,0.0472476,-0.0463891,-0.743578,3.77055,0.749892
224,0.00153398,-0.307611,-0.000821018,-0.205042,-0.0116235,0.0116235,0.386012,2.29517e-05,0.360774,0.00239551,0.214196,0.00155784,-0.0036463,-0.00905754,-0.385275,4.49948,0.0951101,0.868679,0.0318845,-0.0310346,-0.747926,3.74882,0.803522
225,0.00153398,-0.304651,-0.000957854,-0.203423,-0.0117025,0.0118607,0.386012,1.85094e-05,0.362571,-0.00137993,0.211927,-0.000657408,0.00280062,-0.00730447,-0.387706,4.48985,0.160693,0.947365,0.0473587,-0.057192,-0.752904,4.06532,0.696357
226,0.00153398,-0.301773,-0.000957854,-0.201718,-0.0117816,0.0117816,0.38591,1.49269e-05,0.362004,-0.00111284,0.212134,-0.00244266,0.000346075,-0.00837578,-0.390138,4.68385,0.128212,0.961603,0.0480075,-0.0372916,-0.756932,3.97983,0.751315
227,0.00153398,-0.298895,-0.000957854,-0.200099,-0.0116235,0.0116235,0.385807,1.20379e-05,0.361558,-0.000897454,0.210246,0.00185577,-0.00354656,-0.00924019,-0.392569,4.82696,0.12994,1.02165,0.0326449,-0.0318215,-0.761283,4.07054,0.705791
228,0.00153398,-0.295936,-0.000912242,-0.19848,-0.0115444,0.0117025,0.385704,9.70795e-06,0.3632,0.000380122,0.20874,0.00341022,-0.0009465,-0.00993833,-0.395001,4.86826,0.106582,1.06305,0.037445,-0.0473048,-0.765635,4.20434,0.699428
229,0.00153398,-0.292977,-0.000775406,-0.196776,-0.0117025,0.0118607,0.385704,7.82899e-06,0.36449,0.00361663,0.209569,-0.0010753,0.00306217,-0.00801478,-0.397433,4.96048,0.0444524,1.07729,0.053315,-0.0533002,-0.770618,4.20157,0.746511
230,0.00153398,-0.290017,-0.000729794,-0.194816,-0.0117816,0.0116235,0.385601,6.3137e-06,0.365537,0.00402009,0.216426,-0.00278007,-0.00326919,-0.00894914,-0.399865,5.05271,0.0553003,1.02868,0.0490226,-0.0276678,-0.774651,4.12979,0.886608
231,0.00153398,-0.287058,-0.000684182,-0.192941,-0.0116235,0.0116235,0.385499,5.0917e-06,0.366403,0.0043458,0.219908,0.00158496,-0.00263644,-0.00970342,-0.402297,5.14495,0.0433416,1.06316,0.0336607,-0.0427564,-0.779006,4.20073,0.84063
232,0.00153398,-0.284126,-0.000684182,-0.190981,-0.0116235,0.0119397,0.385499,4.10621e-06,0.366408,0.00350467,0.224754,0.0012782,0.00552392,-0.00782534,-0.404729,5.27114,0.0564689,1.05183,0.0437988,-0.0643685,-0.783992,4.17712,0.890127
233,0.00153398,-0.281112,-0.000729794,-0.189106,-0.0117025,0.0117025,0.385396,3.31146e-06,0.368399,0.00172288,0.226611,-0.000882131,-0.00128403,-0.00879642,-0.407162,5.27855,0.0832799,1.08631,0.0493906,-0.0288531,-0.788029,4.32347,0.836894
234,0.00153398,-0.277908,-0.000729794,-0.187231,-0.0118607,0.0113862,0.385293,2.67053e-06,0.374626,0.00138942,0.228123,-0.00453847,-0.00868965,-0.00958033,-0.409594,5.09931,0.073602,1.10215,0.0553781,-0.0225933,-0.792387,4.51048,0.819654
235,0.00153398,-0.27484,-0.000775406,-0.185441,-0.0117816,0.0114653,0.385293,2.15365e-06,0.376327,1.72122e-05,0.227259,-0.00174745,-0.00509518,-0.00772607,-0.412027,5.20853,0.100414,1.14516,0.0404127,-0.0479609,-0.797377,4.40502,0.785183
236,0.00153398,-0.271718,-0.000729794,-0.183566,-0.0116235,0.0116235,0.38519,1.73682e-06,0.379023,0.00111732,0.22863,0.00241653,-0.000283256,-0.00871629,-0.41446,5.16504,0.0656503,1.14235,0.0349356,-0.0539566,-0.801417,4.42469,0.826691
237,0.00153398,-0.26846,-0.000729794,-0.181692,-0.0117816,0.0116235,0.38519,1.40066e-06,0.384526,0.000901066,0.229761,-0.00187915,-0.000228432,-0.00702927,-0.416892,4.9858,0.0787788,1.15819,0.0557492,-0.0443365,-0.806408,4.53949,0.814112
238,0.00153398,-0.265284,-0.000684182,-0.179476,-0.0117025,0.0115444,0.385088,1.12956e-06,0.386927,0.00182979,0.238879,0.000396888,-0.00209655,-0.00815364,-0.419325,4.9932,0.0554177,1.06537,0.040784,-0.0392632,-0.810451,4.29302,1.00692
239,0.00153398,-0.262161,-0.000729794,-0.177516,-0.0117025,0.0115444,0.385088,9.10938e-07,0.387575,0.000372147,0.240065,0.000320071,-0.00169077,-0.00657552,-0.421759,5.01757,0.0936323,1.12862,0.0459817,-0.0444691,-0.815444,4.33934,0.872359
240,0.00153398,-0.258849,-0.000912242,-0.175385,-0.0117025,0.0117025,0.384985,7.34628e-07,0.39271,-0.0041147,0.245154,0.000258122,0.00246315,-0.00778902,-0.424192,4.77044,0.184302,1.08161,0.0462377,-0.0554077,-0.819489,4.41337,0.94759
241,0.00153398,-0.255564,-0.00104908,-0.173255,-0.0117816,0.0114653,0.384882,5.92442e-07,0.396166,-0.00662823,0.24924,-0.00170448,-0.00375152,-0.00876675,-0.426625,4.67601,0.215678,1.07188,0.0518312,-0.0297768,-0.823856,4.346,0.94951
242,0.00153398,-0.252279,-0.00100347,-0.17138,-0.0116235,0.0116235,0.384882,4.77776e-07,0.398964,-0.00424189,0.246357,0.00245121,0.000800371,-0.00706996,-0.429059,4.56461,0.158113,1.14364,0.0364713,-0.0555414,-0.828853,4.41392,0.809719
243,0.00153398,-0.248885,-0.000957854,-0.168908,-0.0117025,0.0117025,0.38478,3.85303e-07,0.403865,-0.0023172,0.258476,6.3484e-05,0.00255876,-0.00818772,-0.431492,4.31744,0.14616,0.969333,0.0519487,-0.0512597,-0.832901,4.20054,1.12404
244,0.00153398,-0.245654,-0.000729794,-0.166522,-0.0119397,0.0113072,0.38478,3.10728e-07,0.403854,0.00364821,0.266172,-0.00568713,-0.00750037,-0.006603,-0.433926,4.34177,0.0338597,0.952681,0.0632754,-0.0198967,-0.837901,4.05819,1.09219
245,0.00153398,-0.242423,-0.000684182,-0.164136,-0.0117816,0.0116235,0.38478,2.50587e-07,0.403863,0.00404574,0.272391,-0.000759972,0.00160417,-0.005325,-0.43636,4.26427,0.0675143,0.917386,0.0380327,-0.0662197,-0.84258,4.02804,1.09185
246,0.00153398,-0.23903,-0.000729794,-0.161494,-0.0116235,0.0117816,0.384677,2.02086e-07,0.40781,0.00215908,0.283592,0.00321348,0.00512005,-0.00678034,-0.438794,3.98313,0.10573,0.800598,0.0374994,-0.0573921,-0.846632,3.98686,1.21555
247,0.00153398,-0.235663,-0.000821018,-0.159278,-0.0118607,0.0113862,0.384574,1.62973e-07,0.410315,-0.000465454,0.282301,-0.00314649,-0.00543429,-0.00795333,-0.441228,3.83774,0.146226,0.875557,0.0636521,-0.021088,-0.851005,4.08394,0.985319
248,0.00153398,-0.232351,-0.000821018,-0.156977,-0.0117025,0.0117025,0.384471,1.3143e-07,0.411039,-0.000375366,0.283332,0.00128867,0.00326985,-0.00889983,-0.443662,3.74323,0.125148,0.830141,0.0384097,-0.0674118,-0.85538,3.96387,1.03618
249,0.00153398,-0.228957,-0.000775406,-0.154676,-0.0117816,0.0116235,0.384471,1.05992e-07,0.4136,0.000800943,0.28417,-0.000874001,0.000723722,-0.00717729,-0.446096,3.51296,0.101789,0.803367,0.0538885,-0.0425731,-0.860385,3.9646,1.02773
250,0.00153398,-0.225645,-0.00086663,-0.152461,-0.0117025,0.0115444,0.384369,8.54772e-08,0.413674,-0.0015608,0.282768,0.0012079,-0.00132909,-0.00827354,-0.448531,3.4354,0.165093,0.803757,0.0438674,-0.042444,-0.864441,3.89819,0.988603
251,0.00153398,-0.222278,-0.000957854,-0.149989,-0.0116235,0.0116235,0.384266,6.89333e-08,0.415052,-0.00346558,0.287827,0.00288698,0.000841015,-0.00915778,-0.450965,3.23904,0.194189,0.704012,0.04373,-0.0529894,-0.86882,3.77967,1.12154
252,0.00149746,-0.219074,-0.000957854,-0.147773,-0.0118607,0.0115444,0.384266,-0.000883815,0.41225,-0.00279482,0.28574,-0.00341239,-0.0012353,-0.00738531,-0.415963,3.28023,0.173114,0.741685,0.0649416,-0.0429768,-0.873828,3.74647,0.998185
253,0.00153398,-0.215762,-0.000775406,-0.145558,-0.0117025,0.0117025,0.384163,0.000170721,0.412582,0.00215941,0.284033,0.00107342,0.00282915,-0.00844122,-0.478661,3.08385,0.0744977,0.723432,0.0397001,-0.0588598,-0.877888,3.79121,0.987465
254,0.00153398,-0.212477,-0.00063857,-0.143172,-0.0117025,0.0115444,0.38406,0.000137678,0.412227,0.00505285,0.286804,0.000865664,-0.00154541,-0.00929382,-0.458269,2.98928,0.0465775,0.65085,0.0498425,-0.0385686,-0.882269,3.66845,1.08187
255,0.00153398,-0.2093,-0.000592957,-0.141041,-0.0117816,0.0114653,0.38406,0.000111031,0.409287,0.0051783,0.282834,-0.00121473,-0.00315915,-0.00749502,-0.460704,3.01347,0.0574256,0.697044,0.0554385,-0.0433821,-0.887281,3.67649,0.953892
256,0.00153398,-0.205961,-0.000547345,-0.138825,-0.0117025,0.0117025,0.383958,8.95408e-05,0.410846,0.00527934,0.281687,0.000932984,0.00319012,-0.0085296,-0.463139,2.76616,0.045467,0.660148,0.0454184,-0.0646027,-0.891344,3.7463,0.984492
257,0.00153398,-0.202784,-0.000592957,-0.136524,-0.0116235,0.0116235,0.383958,7.22103e-05,0.408176,0.00315406,0.282833,0.00266533,0.000659752,-0.00687871,-0.465574,2.82428,0.083681,0.61473,0.0452821,-0.0447074,-0.896359,3.55397,1.04537
258,0.00153398,-0.199608,-0.00063857,-0.134479,-0.0117816,0.0114653,0.383855,5.82342e-05,0.406043,0.00143984,0.277585,-0.00167739,-0.00329479,-0.00803365,-0.468009,2.78058,0.0990898,0.669446,0.0611575,-0.0392425,-0.900424,3.6517,0.907608
259,0.00153398,-0.196458,-0.00063857,-0.132604,-0.0117025,0.0117025,0.383752,4.6963e-05,0.403643,0.00116116,0.269215,0.0005601,0.00308142,-0.00896428,-0.470434,2.76422,0.0894075,0.721464,0.0461909,-0.0654002,-0.904796,3.69358,0.819694
260,0.00149746,-0.193282,-0.000684182,-0.130644,-0.0117025,0.0117025,0.383752,-0.000845694,0.402365,-0.000167021,0.264527,0.000451693,0.00248501,-0.00722926,-0.435383,2.67107,0.116194,0.704919,0.0513693,-0.0508188,-0.909737,3.70226,0.869218
261,0.00153398,-0.190214,-0.00063857,-0.128854,-0.0118607,0.0115444,0.383649,0.000201789,0.398727,0.000969038,0.256634,-0.0034625,-0.00182272,-0.00831629,-0.49801,2.71416,0.0813897,0.759502,0.0622775,-0.0403855,-0.913692,3.65799,0.793496
262,0.00153398,-0.187037,-0.000684182,-0.12698,-0.0117025,0.0117025,0.383547,0.000162733,0.398391,-0.000321806,0.252313,0.00103289,0.00235529,-0.00919193,-0.477528,2.5381,0.119551,0.74801,0.0419515,-0.0611829,-0.917933,3.79628,0.836931
263,0.00153398,-0.183969,-0.000729794,-0.125275,-0.0115444,0.0117025,0.383444,0.000131236,0.395503,-0.00136298,0.244712,0.00465878,0.00189943,-0.00989847,-0.479854,2.55012,0.134893,0.807863,0.041391,-0.051537,-0.922139,3.72638,0.760736
264,0.00153398,-0.180983,-0.000821018,-0.123656,-0.0117025,0.0115444,0.383444,0.000105836,0.391235,-0.00330702,0.236537,-7.03428e-05,-0.00229563,-0.00798263,-0.48216,2.58054,0.175309,0.855969,0.0621776,-0.0410986,-0.92694,3.65772,0.728069
265,0.00153398,-0.177915,-0.000684182,-0.121866,-0.0118607,0.0115444,0.383341,8.53514e-05,0.389716,0.000642663,0.234041,-0.00388166,-0.00185131,-0.00892266,-0.484447,2.44271,0.0788759,0.829479,0.0631953,-0.0512164,-0.930756,3.77583,0.820114
266,0.00153398,-0.174982,-0.000501733,-0.120077,-0.0116235,0.0116235,0.383341,6.88318e-05,0.385224,0.00493215,0.232039,0.00260841,0.000419933,-0.0071957,-0.486716,2.50994,0.0143557,0.838647,0.0375256,-0.0567859,-0.935488,3.53937,0.836176
267,0.00153398,-0.172077,-0.000364897,-0.118372,-0.0117025,0.0117025,0.383341,5.55095e-05,0.380958,0.00728856,0.22837,0.000190276,0.00225193,-0.00580298,-0.488965,2.51073,-0.0136914,0.873352,0.0579122,-0.0574122,-0.939864,3.56232,0.799188
268,0.00153398,-0.169145,-0.000364897,-0.116327,-0.0117816,0.0116235,0.383238,4.47657e-05,0.378164,0.00587787,0.233652,-0.00175954,-9.69082e-05,-0.00716555,-0.491194,2.44509,0.0221026,0.779132,0.0585297,-0.0473624,-0.943576,3.54059,0.987966
269,0.00153398,-0.166376,-0.000456121,-0.114452,-0.0117816,0.0116235,0.383238,3.61014e-05,0.371968,0.00253326,0.233787,-0.00141898,-7.81518e-05,-0.00577867,-0.493405,2.5845,0.0738472,0.812183,0.0538086,-0.0525318,-0.948204,3.24683,0.912788
270,0.00153398,-0.163661,-0.00063857,-0.112577,-0.0116235,0.0117816,0.383136,2.9114e-05,0.365668,-0.00237163,0.233903,0.00268213,0.00376344,-0.00714627,-0.495596,2.67445,0.152947,0.806323,0.0433533,-0.0634322,-0.951847,3.16166,0.923085
271,0.00153398,-0.160756,-0.00086663,-0.110447,-0.0117025,0.0115444,0.383136,2.34791e-05,0.365152,-0.00742824,0.240158,0.000250673,-0.00270196,-0.00576312,-0.497769,2.47737,0.234316,0.717343,0.0587915,-0.0377611,-0.956406,3.69256,1.06057
272,0.00153398,-0.158068,-0.000912242,-0.108487,-0.0117816,0.0114653,0.383136,1.89347e-05,0.359508,-0.00709406,0.241098,-0.0017109,-0.00409206,-0.00464768,-0.499922,2.65504,0.203926,0.736992,0.0594025,-0.0474717,-0.960609,3.14797,0.985784
273,0.00153398,-0.155461,-0.000912242,-0.106526,-0.0117025,0.0117025,0.383033,1.52699e-05,0.353005,-0.00572102,0.241871,0.000533885,0.00244088,-0.00623471,-0.502055,2.78325,0.194048,0.717729,0.0493376,-0.0686456,-0.964148,2.95792,0.997173
274,0.00153398,-0.152774,-0.000775406,-0.104481,-0.0117025,0.0117025,0.38293,1.23145e-05,0.349699,-0.00130372,0.244533,0.000430552,0.00196845,-0.00751334,-0.50417,2.74321,0.1203,0.669676,0.0544919,-0.0540391,-0.967973,3.29727,1.04922
275,0.00153398,-0.15014,-0.000547345,-0.102521,-0.0117816,0.0114653,0.38293,9.93102e-06,0.345725,0.00446568,0.244621,-0.00156561,-0.00415102,-0.00605915,-0.506265,2.80643,0.0305711,0.665802,0.06004,-0.0382448,-0.972393,3.21722,1.01292
276,0.00153398,-0.147534,-0.000456121,-0.100731,-0.0117025,0.0117025,0.382827,8.00889e-06,0.341891,0.0058092,0.240588,0.000651122,0.00239353,-0.00737308,-0.508342,2.85412,0.0388912,0.695988,0.0499702,-0.0692975,-0.975828,3.26684,0.928504
277,0.00153398,-0.144819,-0.000456121,-0.0989418,-0.0116235,0.0117816,0.382827,6.45878e-06,0.341386,0.00468484,0.237308,0.00243755,0.00384272,-0.00594603,-0.510399,2.73356,0.0631604,0.687263,0.0497824,-0.0600232,-0.980178,3.79678,0.934003
278,0.00153398,-0.142185,-0.000501733,-0.0974078,-0.0117816,0.0114653,0.382725,5.2087e-06,0.339021,0.00267467,0.228487,-0.00185994,-0.00455245,-0.00728074,-0.512437,2.76716,0.0896965,0.758404,0.0656045,-0.0339448,-0.983543,3.64279,0.803522
279,0.00153398,-0.139579,-0.000775406,-0.095959,-0.0117816,0.0114653,0.382725,4.20056e-06,0.336483,-0.00446626,0.219325,-0.00149995,-0.00367133,-0.00587157,-0.514455,2.76825,0.23025,0.799157,0.0559251,-0.0539224,-0.987824,3.65697,0.765594
280,0.00149746,-0.136891,-0.000912242,-0.0945103,-0.0117816,0.0116235,0.382622,-0.000880087,0.336374,-0.0069118,0.21192,-0.00120964,0.000864605,-0.00722046,-0.479018,2.63503,0.238519,0.819642,0.056128,-0.0648052,-0.99112,4.11404,0.772336
281,0.00153398,-0.134312,-0.00086663,-0.0930615,-0.0117025,0.0115444,0.382519,0.000173754,0.333662,-0.00447067,0.205949,0.000937221,-0.00121547,-0.00830836,-0.541261,2.67294,0.180639,0.8385,0.050992,-0.049791,-0.994702,3.72373,0.782451
282,0.00153398,-0.131759,-0.000775406,-0.091698,-0.0117025,0.0115444,0.382519,0.000140124,0.330848,-0.0013976,0.199088,0.000755823,-0.000980221,-0.00670029,-0.520395,2.66137,0.14327,0.882896,0.0561332,-0.054938,-0.998879,3.73524,0.744621
283,0.00153398,-0.129234,-0.000547345,-0.090164,-0.0117025,0.0115444,0.382416,0.000113003,0.327889,0.00438949,0.19766,0.000609535,-0.000790501,-0.00788877,-0.522337,2.65124,0.0420287,0.852696,0.0563309,-0.0551413,-1.00207,3.65533,0.846784
284,0.00153398,-0.126791,-0.000456121,-0.0884596,-0.0117816,0.0116235,0.382416,9.11317e-05,0.323542,0.00574686,0.200638,-0.00142138,0.00127544,-0.00636191,-0.52426,2.71042,0.0502393,0.803825,0.0618642,-0.0606802,-1.00618,3.32167,0.949819
285,0.00153398,-0.124402,-0.000456121,-0.0870108,-0.0117816,0.0116235,0.382314,7.34933e-05,0.318731,0.00463456,0.19686,-0.00114627,0.00102858,-0.00761664,-0.526163,2.77104,0.0743989,0.872104,0.0571169,-0.0559384,-1.0093,3.27232,0.818959
286,0.00153398,-0.121958,-0.00063857,-0.0854768,-0.0117025,0.0117025,0.382314,5.92688e-05,0.316151,-0.000675983,0.195866,0.000988366,0.00274227,-0.00614245,-0.528048,2.71432,0.176085,0.855666,0.0519726,-0.0614742,-1.01334,3.62544,0.873851
287,0.00153398,-0.119542,-0.00086663,-0.0838576,-0.0117025,0.0115444,0.382211,4.77974e-05,0.313418,-0.00606249,0.197129,0.000797069,-0.00161434,-0.00743924,-0.529913,2.70995,0.257236,0.82908,0.0571056,-0.0460547,-1.01639,3.57625,0.929393
288,0.00153398,-0.117207,-0.000957854,-0.0823236,-0.0117816,0.0114653,0.382211,3.85463e-05,0.309276,-0.0070973,0.196107,-0.00127122,-0.0032159,-0.00599939,-0.531759,2.77488,0.251713,0.846674,0.0626324,-0.050796,-1.02036,3.32695,0.892179
289,0.00153398,-0.114872,-0.000957854,-0.0807897,-0.0117025,0.0117025,0.382211,3.10857e-05,0.30588,-0.00572363,0.195246,0.000886965,0.00314296,-0.00483821,-0.533585,2.77338,0.230214,0.843999,0.0525412,-0.0719426,-1.02397,3.45022,0.900985
290,0.00149746,-0.112591,-0.00086663,-0.0790852,-0.0117816,0.0116235,0.382108,-0.000858499,0.30185,-0.00240895,0.19869,-0.00119758,0.000621767,-0.00638738,-0.497956,2.82423,0.181333,0.785369,0.0630065,-0.0519713,-1.02692,3.24648,1.00321
291,0.00153398,-0.110419,-0.000592957,-0.0772104,-0.0117816,0.0114653,0.382108,0.000191545,0.295991,0.00468031,0.205606,-0.000965794,-0.00332569,-0.00515111,-0.560007,2.96136,0.0548975,0.708068,0.0582493,-0.0464285,-1.03078,2.79014,1.10631
292,0.00153398,-0.10822,-0.000364897,-0.0753355,-0.0117025,0.0117025,0.382005,0.000154472,0.291893,0.00929056,0.211159,0.00113363,0.00305549,-0.00663922,-0.538949,2.98115,-0.000857738,0.666425,0.0530951,-0.0725118,-1.03366,3.06381,1.1155
293,0.00153398,-0.106103,-0.000364897,-0.0734606,-0.0116235,0.0116235,0.381903,0.000124574,0.286636,0.00749238,0.215652,0.00282736,0.000550963,-0.00784013,-0.540699,3.1042,0.0573999,0.623154,0.0528809,-0.0525354,-1.03682,2.80957,1.12546
294,0.00153398,-0.103958,-0.000410509,-0.0717562,-0.0117025,0.0115444,0.381903,0.000100463,0.28306,0.00493851,0.215157,0.000366739,-0.00146906,-0.00632269,-0.54243,3.12689,0.0837154,0.632585,0.0633393,-0.0523247,-1.04058,3.14364,1.04135
295,0.00153398,-0.101759,-0.00063857,-0.0702222,-0.0117025,0.0117025,0.3818,8.10184e-05,0.281463,-0.00153317,0.210614,0.000295757,0.00264008,-0.00758391,-0.544141,3.08314,0.198961,0.657434,0.0585752,-0.0681239,-1.04336,3.58869,0.956888
296,0.00153398,-0.0995594,-0.000775406,-0.0690291,-0.0117025,0.0117025,0.3818,6.53374e-05,0.280191,-0.00454697,0.198715,0.000238514,0.0021291,-0.00611606,-0.545833,3.05779,0.218412,0.752028,0.0587513,-0.0584216,-1.04704,3.82923,0.781982
297,0.00153398,-0.0974146,-0.000729794,-0.067836,-0.0116235,0.0116235,0.3818,5.26914e-05,0.277861,-0.0025632,0.189125,0.00210569,-0.00019633,-0.00493231,-0.547506,3.08479,0.160311,0.770428,0.0535885,-0.0532641,-1.05038,3.69133,0.791856
298,0.00153398,-0.095134,-0.000547345,-0.0667282,-0.0118607,0.0115444,0.381697,4.24931e-05,0.279255,0.00234678,0.179322,-0.00404064,-0.00207126,-0.00646332,-0.54916,2.89263,0.0725468,0.814366,0.0747149,-0.0530464,-1.05305,4.41816,0.753088
299,0.00153398,-0.0930163,-0.000364897,-0.0656203,-0.0117025,0.0117025,0.381697,3.42686e-05,0.276438,0.0063064,0.171417,0.000567232,0.00215545,-0.00521235,-0.550794,2.97341,0.0189754,0.838035,0.0493862,-0.0688387,-1.05663,3.79146,0.764827
300,0.00153398,-0.0909528,-0.000364897,-0.0644272,-0.0117025,0.0117025,0.381594,2.7636e-05,0.272865,0.00508581,0.16711,0.000457445,0.00173826,-0.00668978,-0.55241,3.00471,0.0657341,0.832915,0.0594395,-0.0591294,-1.05923,3.62499,0.819029
301,0.00153398,-0.0889166,-0.000501733,-0.0631489,-0.0117816,0.0114653,0.381594,2.22871e-05,0.269306,0.000791627,0.165687,-0.00154369,-0.00433595,-0.00539498,-0.554006,3.02049,0.142127,0.817645,0.0649447,-0.0432903,-1.06274,3.57625,0.872055
302,0.00149746,-0.0869075,-0.000684182,-0.0617853,-0.0117816,0.0116235,0.381492,-0.000865694,0.265792,-0.00377585,0.166608,-0.00124491,0.00032945,-0.00683666,-0.518146,3.0377,0.209386,0.792228,0.0601692,-0.0689609,-1.06527,3.52646,0.924591
303,0.00153398,-0.0849527,-0.000684182,-0.060507,-0.0116235,0.0116235,0.381492,0.000185665,0.261651,-0.00304504,0.165295,0.00282283,0.000265686,-0.00551344,-0.579967,3.09029,0.164884,0.81099,0.0496593,-0.0592461,-1.06872,3.45664,0.890289
304,0.00153398,-0.0829164,-0.00063857,-0.0592287,-0.0117025,0.0117025,0.381389,0.00014973,0.26026,-0.00135246,0.164221,0.000363982,0.00212675,-0.0069314,-0.558678,2.9916,0.140894,0.809483,0.065043,-0.0647507,-1.07118,3.8542,0.895426
305,0.00153398,-0.0810431,-0.000501733,-0.0579504,-0.0118607,0.0115444,0.381389,0.00012075,0.255223,0.0022208,0.163372,-0.00353358,-0.00211199,-0.00558984,-0.560197,3.13191,0.0781198,0.80635,0.0709368,-0.0493,-1.07455,3.34203,0.908316
306,0.00153398,-0.0791425,-0.000501733,-0.0566721,-0.0116235,0.0116235,0.381389,9.73789e-05,0.2518,0.00179097,0.162675,0.00288872,0.000209574,-0.00450794,-0.561697,3.12094,0.113395,0.801591,0.045201,-0.0646847,-1.07757,3.53893,0.915003
307,0.00153398,-0.0771606,-0.000547345,-0.055479,-0.0116235,0.0116235,0.381286,7.85314e-05,0.251013,0.000340852,0.160054,0.00232961,0.000169011,-0.00612111,-0.563178,3.0096,0.139535,0.822369,0.0601843,-0.0599048,-1.07992,3.93587,0.876472
308,0.00149746,-0.0752601,-0.000547345,-0.0543711,-0.0117025,0.0117025,0.381183,-0.000820212,0.248406,0.00027488,0.155876,-3.41089e-05,0.00204913,-0.0074219,-0.527203,3.03544,0.129171,0.850043,0.0656774,-0.0654024,-1.08256,3.77335,0.844649
309,0.00153398,-0.0734682,-0.000456121,-0.0532632,-0.0117025,0.0115444,0.381183,0.000222286,0.243685,0.00242901,0.152514,-2.75072e-05,-0.00217401,-0.0059854,-0.588908,3.1306,0.0800242,0.857448,0.0608898,-0.0499447,-1.0858,3.50612,0.856784
310,0.00153398,-0.0716763,-0.000364897,-0.0518145,-0.0117025,0.0115444,0.381183,0.000179263,0.239868,0.00416564,0.158041,-2.21832e-05,-0.00175324,-0.00482694,-0.567504,3.14235,0.0536678,0.75457,0.0610425,-0.0599851,-1.08868,3.3939,1.0304
311,0.00153398,-0.0699658,-0.000319285,-0.0502805,-0.0117816,0.0116235,0.381081,0.000144567,0.234821,0.00446284,0.164563,-0.00193078,0.000498988,-0.00637829,-0.568908,3.24039,0.0523829,0.69747,0.0665308,-0.0654771,-1.09089,3.1894,1.08283
312,0.00153398,-0.0683368,-0.000228061,-0.0487465,-0.0117025,0.0117025,0.381081,0.000116586,0.228794,0.0058067,0.169834,0.000356453,0.00231594,-0.00514378,-0.570293,3.3738,0.0145938,0.657385,0.0564012,-0.0660258,-1.09402,3.05695,1.094
313,0.00153398,-0.0666807,-0.000182448,-0.0472125,-0.0116235,0.0116235,0.381081,9.4021e-05,0.224573,0.00578617,0.17407,0.00220017,-4.5015e-05,-0.00414821,-0.571658,3.40685,0.0132793,0.615672,0.0561535,-0.0558984,-1.09679,3.22906,1.09953
314,0.00153398,-0.0650245,-0.000501733,-0.045849,-0.0116235,0.0114653,0.380978,7.58234e-05,0.221172,-0.00305771,0.173365,0.00177433,-0.003862,-0.00583088,-0.573004,3.44135,0.201241,0.626662,0.0612411,-0.0503155,-1.0989,3.41361,1.02382
315,0.00153398,-0.0633412,-0.000684182,-0.0446559,-0.0118607,0.0117025,0.380978,6.11479e-05,0.2191,-0.00688101,0.168682,-0.00430948,0.00262587,-0.00470233,-0.574331,3.42638,0.222709,0.653069,0.077397,-0.0763587,-1.10192,3.65463,0.947005
316,0.00153398,-0.0616579,-0.000684182,-0.043548,-0.0117816,0.0116235,0.380978,4.93128e-05,0.217413,-0.0055492,0.162834,-0.00156264,0.000204894,-0.0037922,-0.575639,3.41285,0.178029,0.667729,0.057377,-0.0563421,-1.10459,3.76246,0.912825
317,0.00153398,-0.059866,-0.000501733,-0.042781,-0.0116235,0.0116235,0.380875,3.97684e-05,0.218684,-6.12512e-05,0.149873,0.00256569,0.000165237,-0.00554389,-0.576927,3.24803,0.0786009,0.770777,0.0517856,-0.0614285,-1.1066,4.26747,0.753072
318,0.00153398,-0.0581284,-0.000228061,-0.0420993,-0.0116235,0.0116235,0.380875,3.20713e-05,0.218404,0.00657291,0.137363,0.00206911,0.000133255,-0.00447088,-0.578196,3.20343,-0.0254051,0.824796,0.0618083,-0.0615712,-1.10951,4.22464,0.724432
319,0.00153398,-0.0563365,-0.000136836,-0.0417584,-0.0117025,0.0115444,0.380875,2.5864e-05,0.219478,0.0075074,0.119022,-0.000244053,-0.00180522,-0.00360555,-0.579446,3.04148,-0.00627655,0.967203,0.0672828,-0.0563749,-1.11208,4.6042,0.574821
320,0.00153398,-0.0545717,-0.000273673,-0.0413323,-0.0117025,0.0115444,0.380875,2.0858e-05,0.219691,0.00274403,0.106294,-0.000196817,-0.00145582,-0.0029077,-0.580677,2.93187,0.092658,1.00625,0.0624766,-0.0614557,-1.11461,4.49167,0.623171
321,0.00149746,-0.0528884,-0.000547345,-0.0408209,-0.0117025,0.0115444,0.380772,-0.000866999,0.217904,-0.00440962,0.0980945,-0.000158723,-0.00117405,-0.00483122,-0.544452,2.89155,0.209826,1.03515,0.0626107,-0.0615928,-1.11647,4.271,0.673616
322,0.00153398,-0.0512865,-0.000684182,-0.0399687,-0.0117025,0.0115444,0.380772,0.000184596,0.214491,-0.0068673,0.0997302,-0.000128003,-0.000946816,-0.00389615,-0.605907,2.88661,0.217515,0.972412,0.0627431,-0.0617281,-1.11925,3.85848,0.834071
323,0.00153398,-0.0497661,-0.000592957,-0.0387756,-0.0117025,0.0115444,0.38067,0.000148868,0.209744,-0.00333208,0.10928,-0.000103228,-0.000763561,-0.00562671,-0.584253,2.91703,0.133969,0.873957,0.0628738,-0.0618617,-1.12104,3.46314,0.993961
324,0.00153398,-0.0484086,-0.000410509,-0.0374121,-0.0117025,0.0115444,0.380567,0.000120055,0.202001,0.00172816,0.121127,-8.32483e-05,-0.000615775,-0.00702414,-0.585407,3.08465,0.0572495,0.794116,0.0630028,-0.0619935,-1.12312,3.09712,1.0864
325,0.00153398,-0.0470511,-0.000319285,-0.0357077,-0.0117025,0.0117025,0.380567,9.68185e-05,0.195745,0.00360058,0.138917,-6.71358e-05,0.0033292,-0.00566463,-0.586542,3.13493,0.0534925,0.641275,0.0631301,-0.0727981,-1.12579,2.90462,1.24373
326,0.00149746,-0.0456393,-0.000319285,-0.0340885,-0.0117025,0.0115444,0.380567,-0.000805296,0.192005,0.00290369,0.151193,-5.41417e-05,-0.00114009,-0.00456825,-0.550221,3.1018,0.0770877,0.588539,0.0632557,-0.0523684,-1.12811,3.10339,1.20928
327,0.00153398,-0.0443361,-0.000410509,-0.0324693,-0.0117025,0.0115444,0.380567,0.000234565,0.186385,0.00013373,0.16112,-4.36627e-05,-0.000919427,-0.00368407,-0.611579,3.22284,0.128036,0.515533,0.0633795,-0.0623788,-1.13039,2.99417,1.22455
328,0.00153398,-0.0430329,-0.000501733,-0.0310205,-0.0117025,0.0117025,0.380567,0.000189165,0.181835,-0.00209884,0.164981,-3.52118e-05,0.00308395,-0.00297102,-0.589829,3.26047,0.156167,0.495229,0.0635017,-0.073178,-1.13264,3.17008,1.15485
329,0.00149746,-0.0417297,-0.000501733,-0.0299126,-0.0117025,0.0117025,0.380464,-0.000730999,0.178167,-0.00169262,0.15985,-2.83967e-05,0.00248706,-0.00488153,-0.55345,3.28258,0.134112,0.544671,0.0636221,-0.0634176,-1.13422,3.46614,1.00958
330,0.00153398,-0.0403451,-0.000456121,-0.0289752,-0.0116235,0.0116235,0.380361,0.0002942,0.177186,-0.000261387,0.151593,0.0018903,9.24926e-05,-0.00642272,-0.614751,3.18735,0.109762,0.572246,0.0584036,-0.0582021,-1.13608,3.72272,0.933236
331,0.00153398,-0.0389061,-0.000410509,-0.0282082,-0.0117025,0.0115444,0.380361,0.000237258,0.177706,0.00089274,0.140809,-0.000388608,-0.00183845,-0.00517961,-0.592943,3.05961,0.0968009,0.615238,0.0687995,-0.0579264,-1.13855,3.9267,0.859943
332,0.00153398,-0.0374943,-0.000501733,-0.0275264,-0.0116235,0.0116235,0.380361,0.000191337,0.177463,-0.00148677,0.130048,0.00159935,0.000430118,-0.00417711,-0.593943,2.98421,0.159085,0.646484,0.0586356,-0.0683231,-1.14065,3.95609,0.830833
333,0.00153398,-0.0362182,-0.000547345,-0.0267594,-0.0117025,0.0115444,0.380361,0.000154304,0.173995,-0.00230278,0.123438,-0.000623661,-0.00156659,-0.00336864,-0.594924,3.046,0.162062,0.630297,0.0690281,-0.0581599,-1.14272,3.72239,0.883129
334,0.00149746,-0.0349965,-0.000592957,-0.0259925,-0.0117816,0.0114653,0.380361,-0.000759013,0.169871,-0.00296038,0.118099,-0.00241558,-0.003176,-0.00271664,-0.558449,3.07528,0.176428,0.631126,0.0695353,-0.0578785,-1.14476,3.67403,0.892584
335,0.00153398,-0.0337476,-0.000592957,-0.0251402,-0.0116235,0.0116235,0.380259,0.000271485,0.167207,-0.0023874,0.115858,0.00187781,0.00126457,-0.0046765,-0.619654,3.02116,0.165695,0.603164,0.0540292,-0.0736069,-1.14613,3.64525,0.930132
336,0.00149746,-0.0325801,-0.000273673,-0.0243733,-0.0117025,0.0115444,0.380259,-0.000664928,0.163097,0.00580138,0.111995,-0.000399161,-0.000893714,-0.00377137,-0.560313,3.07028,-0.00925514,0.619382,0.0693586,-0.0584964,-1.14841,3.63812,0.90655
337,0.00153398,-0.0313855,0,-0.0236063,-0.0116235,0.0116235,0.380259,0.000347204,0.160425,0.0112982,0.108871,0.00159069,0.00119186,-0.00304143,-0.621479,3.01903,-0.0793166,0.615332,0.059186,-0.0688842,-1.15034,3.68298,0.90871
338,0.00153398,-0.0301909,0,-0.0228393,-0.0117025,0.0115444,0.380156,0.000280004,0.158276,0.00911145,0.106355,-0.000630176,-0.000951816,-0.0049385,-0.599537,2.96922,-0.0102793,0.609655,0.0695699,-0.0587121,-1.15161,3.68711,0.912996
339,0.00153398,-0.0291049,-0.000182448,-0.0221575,-0.0116235,0.0116235,0.380156,0.000225809,0.153927,0.00293215,0.102271,0.00140555,0.00114617,-0.00398266,-0.600402,3.03962,0.0906728,0.629516,0.059394,-0.0690963,-1.15379,3.65266,0.892452
340,0.00153398,-0.0279918,-0.000592957,-0.0213905,-0.0116235,0.0116235,0.380053,0.000182104,0.151055,-0.00756298,0.101025,0.00113351,0.000924327,-0.00569657,-0.601248,2.99268,0.271435,0.601943,0.0644371,-0.0642579,-1.15498,3.61762,0.928564
341,0.00153398,-0.0269329,-0.000821018,-0.0206235,-0.0117025,0.0115444,0.380053,0.000146858,0.147433,-0.0116162,0.100027,-0.000998706,-0.0011674,-0.00459401,-0.602074,3.01506,0.294829,0.591387,0.0698739,-0.0590223,-1.15709,3.56728,0.9375
342,0.00153398,-0.0259012,-0.000821018,-0.0199418,-0.0116235,0.0116235,0.380053,0.000118434,0.143864,-0.00936794,0.0971647,0.00110803,0.000971988,-0.00370485,-0.602881,3.0219,0.238391,0.606368,0.0596927,-0.0694011,-1.15884,3.63114,0.910375
343,0.00153398,-0.0249781,-0.00063857,-0.0191748,-0.0116235,0.0116235,0.380053,9.55114e-05,0.13835,-0.00314117,0.0969129,0.000893575,0.000783861,-0.00298778,-0.603669,3.13199,0.138608,0.573916,0.0647307,-0.0645572,-1.16056,3.45213,0.957684
344,0.00153398,-0.0240278,-0.000228061,-0.0185782,-0.0117025,0.0115444,0.37995,7.70253e-05,0.134561,0.00739751,0.0925868,-0.0011922,-0.00128068,-0.00489502,-0.604438,3.12474,-0.0410129,0.612808,0.0701623,-0.0593162,-1.16161,3.67122,0.893095
345,0.00153398,-0.0231047,0.000136836,-0.0179817,-0.0116235,0.0116235,0.37995,6.21172e-05,0.130854,0.0147954,0.0891019,0.000951895,0.000880541,-0.0039476,-0.605188,3.15288,-0.138552,0.61279,0.059976,-0.0696897,-1.16358,3.66135,0.899808
346,0.00153398,-0.0221002,0.000182448,-0.017726,-0.0116235,0.0116235,0.37995,5.00945e-05,0.129829,0.0130352,0.0780414,0.000767657,0.000710114,-0.00318355,-0.605918,3.0467,-0.0719077,0.719802,0.0650087,-0.0648404,-1.16519,4.10532,0.76666
347,0.00153398,-0.0210685,-9.12242e-05,-0.0175556,-0.0117025,0.0117025,0.37995,4.03988e-05,0.129659,0.00389182,0.0670598,-0.00129375,0.0024855,-0.00256738,-0.606629,2.94195,0.0905079,0.777784,0.0704351,-0.0702686,-1.16677,4.22625,0.737017
348,0.00153398,-0.0201454,-0.000456121,-0.0175556,-0.0117025,0.0115444,0.379848,3.25797e-05,0.126903,-0.00569184,0.0540805,-0.00104335,-0.00182257,-0.00455686,-0.607321,2.97439,0.223266,0.869826,0.0655809,-0.0547414,-1.16768,4.28242,0.688408
349,0.00153398,-0.0192494,-0.000684182,-0.0174703,-0.0117025,0.0115444,0.379745,2.62739e-05,0.124013,-0.0101068,0.0456747,-0.000841409,-0.00146981,-0.00616019,-0.607993,2.95735,0.257951,0.895793,0.0656668,-0.0647122,-1.16887,4.17532,0.727695
350,0.00153398,-0.0182992,-0.000821018,-0.0172999,-0.0117816,0.0116235,0.379745,2.11886e-05,0.122998,-0.0114608,0.0409576,-0.00259136,0.000727471,-0.0049679,-0.608646,2.83994,0.276661,0.911613,0.0710883,-0.0701346,-1.17066,4.15866,0.758703
351,0.00153398,-0.0175118,-0.000775406,-0.0170442,-0.0117025,0.0115444,0.379745,1.70876e-05,0.118247,-0.00813873,0.0392177,-0.000176199,-0.00132694,-0.00400637,-0.60928,2.94456,0.217819,0.917285,0.0608918,-0.059939,-1.1721,3.8671,0.807647
352,0.00149746,-0.0167788,-0.000547345,-0.0167033,-0.0116235,0.0116235,0.379745,-0.000869701,0.113093,-0.00104682,0.039873,0.0017706,0.000842583,-0.00323094,-0.572459,2.9997,0.104228,0.912808,0.0605772,-0.0702997,-1.1735,3.73038,0.847288
353,0.00153398,-0.0161272,-9.12242e-05,-0.0162772,-0.0117816,0.0116235,0.379642,0.00018221,0.106967,0.0101904,0.0424641,-0.00239792,0.000679503,-0.00509123,-0.633317,3.1072,-0.0892022,0.898183,0.0762724,-0.0654378,-1.17423,3.56765,0.88903
354,0.00149746,-0.015557,0.000410509,-0.0155955,-0.0115444,0.0115444,0.379642,-0.000736817,0.10006,0.0203586,0.0507421,0.00380609,-0.00136531,-0.00410583,-0.573629,3.25007,-0.250724,0.819081,0.0504541,-0.0601786,-1.17588,3.23587,0.992173
355,0.00153398,-0.0149869,0.00063857,-0.0148285,-0.0116235,0.0116235,0.379642,0.000289356,0.0944866,0.0219354,0.0594759,0.00115655,0.000811811,-0.00331115,-0.634449,3.32652,-0.250345,0.767114,0.0706921,-0.0705339,-1.17717,3.19556,1.0275
356,0.00153398,-0.0144167,0.000410509,-0.013891,-0.0117816,0.0116235,0.379642,0.000233351,0.0899886,0.0121739,0.0706372,-0.00289213,0.000654687,-0.00267029,-0.61216,3.38745,-0.0675355,0.677834,0.0764981,-0.0656665,-1.17843,3.05934,1.09417
357,0.00153398,-0.0139009,-0.000182448,-0.0129536,-0.0117025,0.0115444,0.37954,0.000188187,0.0850562,-0.00453322,0.0796535,-0.00041866,-0.00138573,-0.00464012,-0.612678,3.50072,0.201927,0.624212,0.0613492,-0.0604019,-1.17902,3.04612,1.10408
358,0.00153398,-0.0134393,-0.00086663,-0.0121866,-0.0116235,0.0114653,0.37954,0.000151763,0.0797591,-0.0202069,0.0827909,0.00157518,-0.00303033,-0.00374203,-0.613177,3.63242,0.430335,0.62329,0.0610241,-0.0600771,-1.18053,3.21722,1.0515
359,0.00153398,-0.0129234,-0.00127714,-0.0114196,-0.0117816,0.0116235,0.37954,0.00012239,0.0768014,-0.0262269,0.0853219,-0.00255547,0.00138196,-0.00301776,-0.613657,3.64677,0.485414,0.583458,0.0767088,-0.0757621,-1.18168,3.31391,1.05109
360,0.00153398,-0.0123804,-0.00109469,-0.0109935,-0.0117025,0.0115444,0.37954,9.87015e-05,0.0750767,-0.0167356,0.0791194,-0.000147415,-0.000798964,-0.00243368,-0.614117,3.6456,0.282777,0.650655,0.0615546,-0.0606081,-1.1828,3.73511,0.929745
361,0.00153398,-0.0118103,-0.000501733,-0.0106526,-0.0116235,0.0116235,0.37954,7.9598e-05,0.074338,0.000847423,0.0720521,0.00179388,0.00126844,-0.00196265,-0.614558,3.61194,0.00258342,0.668822,0.0612242,-0.0709524,-1.18388,3.87173,0.900646
362,0.00153398,-0.0111858,0.000273673,-0.0104822,-0.0117025,0.0117025,0.379437,6.41919e-05,0.0750561,0.0194412,0.0622297,-0.000466131,0.00293575,-0.00406828,-0.61498,3.51184,-0.275353,0.721049,0.0715663,-0.0714113,-1.18429,4.12656,0.839273
363,0.00153398,-0.01067,0.000775406,-0.010397,-0.0116235,0.0116235,0.379437,5.17677e-05,0.0730141,0.0278217,0.0522478,0.00153781,0.000453812,-0.00328087,-0.615383,3.56588,-0.357184,0.761529,0.0613485,-0.0611941,-1.18562,4.10272,0.822774
364,0.00153398,-0.0102084,0.000821018,-0.0103118,-0.0115444,0.0115444,0.379437,4.17481e-05,0.0700449,0.0235399,0.0441964,0.0031525,-0.00154635,-0.00264586,-0.615766,3.6044,-0.256588,0.781741,0.0610125,-0.0608586,-1.18659,4.05408,0.831564
365,0.00153398,-0.00963829,0.000319285,-0.0101413,-0.0117025,0.0115444,0.379334,3.36678e-05,0.0702813,0.00684555,0.0397657,-0.00128355,-0.00124706,-0.00461943,-0.616131,3.4577,0.0310032,0.773162,0.0766863,-0.0658583,-1.1869,4.09781,0.855308
366,0.00153398,-0.00909528,-0.000501733,-0.0100561,-0.0117025,0.0115444,0.379334,2.71515e-05,0.0698198,-0.0143491,0.0341316,-0.00103512,-0.00100569,-0.00372535,-0.616475,3.39728,0.357359,0.808764,0.0668586,-0.0659142,-1.18812,4.15751,0.831686
367,0.00153398,-0.00863373,-0.00118591,-0.00997088,-0.0115444,0.0115444,0.379334,2.18964e-05,0.0674702,-0.0281206,0.0295868,0.00299033,-0.00081104,-0.00300431,-0.616801,3.40616,0.528633,0.824097,0.0562384,-0.0659683,-1.18899,4.05381,0.841995
368,0.00153398,-0.00819933,-0.00136836,-0.00988565,-0.0117025,0.0115444,0.379334,1.76584e-05,0.0649212,-0.027092,0.0259221,-0.00141447,-0.000654065,-0.00242283,-0.617107,3.38254,0.45816,0.837804,0.0768488,-0.0660205,-1.18982,4.02504,0.847775
369,0.00153398,-0.00781923,-0.000912242,-0.00962999,-0.0117025,0.0115444,0.379231,1.42406e-05,0.0615528,-0.010812,0.027091,-0.0011407,-0.000527471,-0.00443993,-0.617394,3.3943,0.161896,0.795556,0.0670158,-0.0660709,-1.18999,3.76124,0.913261
370,0.00153398,-0.00741198,-0.000136836,-0.00937433,-0.0115444,0.0115444,0.379231,1.14844e-05,0.0594911,0.0100383,0.0280323,0.00290568,-0.00042538,-0.00358059,-0.617662,3.32265,-0.150353,0.788966,0.0563903,-0.0661194,-1.19107,3.8021,0.914316
371,0.00153398,-0.00692328,0.000501733,-0.00911866,-0.0116235,0.0116235,0.379231,9.26158e-06,0.0597992,0.0235435,0.0287916,0.000430424,0.00156982,-0.00288757,-0.61791,3.15061,-0.307547,0.78075,0.0716581,-0.0715034,-1.19179,3.89637,0.910613
372,0.00153398,-0.00659747,0.00086663,-0.00894822,-0.0117025,0.0115444,0.379231,7.46902e-06,0.0561096,0.0278172,0.0273438,-0.00156641,-0.00064755,-0.00232868,-0.618139,3.21757,-0.348455,0.798071,0.0720987,-0.0612694,-1.19248,3.77886,0.89859
373,0.00153398,-0.00638027,0.000775406,-0.00869256,-0.0115444,0.0115444,0.379129,6.0234e-06,0.0505058,0.0202257,0.0282384,0.00256374,-0.000522218,-0.00436435,-0.618349,3.30294,-0.206933,0.767959,0.0565259,-0.0662543,-1.1925,3.55128,0.939494
374,0.00153398,-0.00613592,0.000364897,-0.00835167,-0.0115444,0.0115444,0.379129,4.85758e-06,0.0466389,0.00638502,0.0310154,0.00206753,-0.000421143,-0.00351964,-0.61854,3.27096,-0.00384761,0.727698,0.0664512,-0.0662955,-1.19344,3.50231,0.969072
375,0.00149746,-0.00583727,-0.000136836,-0.00792557,-0.0117025,0.0115444,0.379129,-0.000880091,0.0448405,-0.0069947,0.0353258,-0.0021603,-0.000339632,-0.00283842,-0.581275,3.17255,0.169583,0.677289,0.0771653,-0.0663348,-1.19402,3.47249,0.99636
376,0.00153398,-0.00556577,-0.000501733,-0.00758468,-0.0116235,0.0116235,0.379129,0.000173643,0.0427285,-0.0144667,0.0367336,0.000170322,0.0016386,-0.00228905,-0.641689,3.12647,0.244942,0.671059,0.0619826,-0.0717095,-1.19457,3.53564,0.973467
377,0.00153398,-0.00540287,-0.000684182,-0.0072438,-0.0116235,0.0116235,0.379129,0.000140035,0.0383996,-0.0160807,0.0378709,0.000137357,0.00132146,-0.00184601,-0.618995,3.18364,0.254155,0.64456,0.0669609,-0.0668035,-1.19508,3.40435,0.985749
378,0.00153398,-0.00529427,-0.000592957,-0.00690291,-0.0117025,0.0115444,0.379026,0.000112931,0.0335954,-0.0107608,0.0387902,-0.00180267,-0.000847754,-0.00397504,-0.619108,3.22528,0.15845,0.616435,0.0723327,-0.0615002,-1.19493,3.35219,0.99357
379,0.00153398,-0.00510422,-0.000273673,-0.00656203,-0.0116235,0.0116235,0.379026,9.10734e-05,0.0316901,-0.000955015,0.0395279,0.000458845,0.00122894,-0.00320568,-0.619202,3.11565,0.00571375,0.586683,0.0620866,-0.0718114,-1.19569,3.45917,0.989995
380,0.00153398,-0.00491417,4.56121e-05,-0.00630637,-0.0116235,0.0116235,0.379026,7.34463e-05,0.0301538,0.00695328,0.0380618,0.000370036,0.000991081,-0.00258522,-0.619277,3.04138,-0.0900258,0.582468,0.0670595,-0.0668998,-1.19609,3.55669,0.964975
381,0.00153398,-0.00475127,0.000228061,-0.00613592,-0.0116235,0.0116235,0.378923,5.92309e-05,0.0282602,0.0100232,0.0348201,0.000298416,0.000799259,-0.00457155,-0.619333,2.98551,-0.110524,0.585148,0.0670887,-0.0669282,-1.19583,3.61965,0.942224
382,0.00153398,-0.00464267,0.000228061,-0.0060507,-0.0116235,0.0116235,0.378923,4.77669e-05,0.0254173,0.00808323,0.0301421,0.000240658,0.000644563,-0.00368673,-0.619369,2.96502,-0.0649018,0.594724,0.0671161,-0.0669549,-1.19648,3.65253,0.921903
383,0.00149746,-0.00458837,0.000136836,-0.00613592,-0.0116235,0.0116235,0.378923,-0.00084498,0.0218114,0.00431202,0.0222466,0.000194079,0.000519809,-0.00297317,-0.581949,2.96292,-0.0147319,0.63836,0.0671417,-0.0669796,-1.19678,3.79731,0.874382
384,0.00153398,-0.00450692,0,-0.00613592,-0.0115444,0.0115444,0.378923,0.000202598,0.0195613,0.000165361,0.0179408,0.0020704,-0.00149469,-0.00239772,-0.64222,2.88401,0.0377116,0.617021,0.0618334,-0.0616706,-1.19705,3.72696,0.90191
385,0.00153398,-0.00447977,4.56121e-05,-0.0060507,-0.0117025,0.0115444,0.378923,0.000163385,0.0164319,0.00123657,0.0165296,-0.0021553,-0.00120539,-0.00193364,-0.619422,2.90029,-0.0215848,0.589648,0.0774948,-0.0666573,-1.19735,3.538,0.93366
