5,-0.572065,0.843744,-0.366402,2.17663,-0.16091,0.000553498,1.3813,2.2618e-14,0.00143628,0.00241295,0.00472403,0.00199131,0.00134167,-7.20866e-09
15,-0.572065,0.843717,-0.366448,2.17663,-0.16091,0.000395356,1.3813,3.02382e-18,-2.75687e-06,-4.63153e-06,0.0062823,0.00461601,-0.00461937,-9.63731e-13
25,-0.572065,0.843717,-0.366448,2.17655,-0.16091,0.000395356,1.3813,4.04256e-22,-0.00118215,-0.00198601,-0.00398484,0.00355692,-0.00685265,-1.28842e-16
35,-0.572065,0.843717,-0.366448,2.17655,-0.160989,0.000474427,1.3813,3.08808e-06,-1.09893e-06,-1.8462e-06,-0.00371087,-0.00656257,0.0034532,-1.7225e-20
45,-0.572065,0.843717,-0.366448,2.17655,-0.16091,0.000395356,1.3813,4.12849e-10,-0.000484433,-0.000813847,-0.00177938,-0.000618147,-0.00917514,-2.30283e-24
55,-0.572065,0.843717,-0.366448,2.17663,-0.160989,0.000474427,1.3813,4.48603e-05,-0.000198602,-0.000333651,0.00626898,-0.00937944,-0.000536182,-3.07867e-28
65,-0.572065,0.843717,-0.366448,2.17655,-0.160989,0.000474427,1.3814,5.99741e-09,0.000470743,-0.000836858,-0.00372894,-0.00926539,0.000716191,0.00217351
75,-0.572065,0.843689,-0.366402,2.17655,-0.16091,0.000553498,1.3814,1.83857e-05,-0.00140244,0.00235609,-0.005904,-0.00121057,0.00172517,0.00127096
85,-0.572065,0.843662,-0.366448,2.17663,-0.16091,0.000553498,1.3814,2.45801e-09,-0.00200291,-0.00336425,0.000320025,0.00174499,0.00174538,1.69915e-07
95,-0.572065,0.843391,-0.36663,2.17663,-0.160989,0.000316285,1.3813,3.08812e-06,-0.00339248,-0.00290687,0.00370918,0.000372757,-0.00372758,-0.00235539
105,-0.572065,0.843445,-0.36663,2.17663,-0.16091,0.000395356,1.3814,0.000109467,0.0015746,-0.00245664,4.95884e-07,0.00179176,0.00179912,2.15755e-06
115,-0.572065,0.843445,-0.366539,2.17663,-0.160989,0.000474427,1.3814,1.46347e-08,-0.000229766,0.00140435,4.28987e-05,-0.00346702,0.00344035,-0.000129767
125,-0.572065,0.843391,-0.36663,2.17663,-0.161068,0.000395356,1.3814,1.95652e-12,-0.00210185,-0.00353086,5.73517e-09,-0.00726096,-0.00440533,-1.73486e-08
135,-0.572065,0.843282,-0.36663,2.17663,-0.160989,0.000316285,1.38151,2.6157e-16,-0.000482353,0.000333078,7.66739e-13,-0.000716959,0.000422701,0.000521765
145,-0.572065,0.843174,-0.366721,2.17663,-0.160989,0.000316285,1.38161,3.49695e-20,-0.00216236,-0.0035625,1.02506e-16,-0.00528475,0.0022687,0.00682837
155,-0.572029,0.842359,-0.367086,2.17663,-0.160989,0.000158142,1.38151,0.00226505,-0.0131237,-0.00747644,1.37041e-20,0.00341785,0.00340957,-0.00447351
165,-0.572065,0.84016,-0.366858,2.17646,-0.161147,-0.000158142,1.38151,-0.000443461,-0.0391344,0.0111506,-0.00527283,0.00444094,-0.00722531,-0.00637995
175,-0.572029,0.835762,-0.368044,2.17638,-0.161305,-0.000158142,1.38151,-0.000650885,-0.0689253,-0.0159513,-0.0069361,0.000135556,-0.00101862,-0.00737598
185,-0.571992,0.827372,-0.368546,2.17621,-0.162333,-0.00118607,1.38151,0.00269426,-0.131844,-0.0054446,-0.00210936,-0.00890651,-0.00869904,-0.00497221
195,-0.571992,0.813526,-0.368272,2.17595,-0.162491,-0.00134421,1.38161,0.00164605,-0.196817,0.00551916,-0.00632204,-0.00214535,-0.00214533,1.80765e-06
205,-0.571919,0.795878,-0.367725,2.17587,-0.16257,-0.00126514,1.38151,0.00269672,-0.230966,0.00691046,-0.000699721,-0.00583616,0.00583011,-0.00750665
215,-0.571846,0.776982,-0.366995,2.17587,-0.162649,-0.00118607,1.38161,0.000530192,-0.235547,0.00390323,0.00433322,-0.0113852,-0.00017818,-0.000310023
225,-0.57159,0.758547,-0.366128,2.17578,-0.16257,-0.001107,1.38161,0.00402981,-0.226182,0.0153314,-0.000133884,7.06657e-06,8.56485e-06,-0.00105932
235,-0.570897,0.740953,-0.365399,2.1757,-0.16257,-0.001107,1.38161,0.0176157,-0.216122,-0.00185181,-0.00251911,-0.000731444,0.000698821,-0.00189033
245,-0.568669,0.723605,-0.364806,2.17544,-0.162491,-0.00102793,1.38161,0.0341675,-0.215132,0.0212531,-0.00735549,0.00438277,0.00728372,-0.00724488
255,-0.56582,0.706853,-0.362388,2.17493,-0.162491,-0.00118607,1.38171,0.0354194,-0.2091,0.0415631,-0.00950975,0.000157771,-0.00705021,-0.00175921
265,-0.562131,0.690726,-0.358009,2.17374,-0.162491,-0.00102793,1.38171,0.0564509,-0.196887,0.0603102,-0.019749,-0.000106498,0.000128636,5.1497e-05
275,-0.557346,0.675223,-0.350119,2.17186,-0.162412,-0.00126514,1.38171,0.0677893,-0.196187,0.123953,-0.0285677,-0.000912144,-0.00600916,6.88468e-09
285,-0.551685,0.659747,-0.33607,2.16905,-0.162254,-0.001107,1.38182,0.0770449,-0.198589,0.192674,-0.0547333,0.00796966,0.0079635,0.00592719
295,-0.545513,0.643566,-0.31518,2.16223,-0.162096,-0.001107,1.38182,0.076753,-0.207613,0.300677,-0.0892312,0.00731409,-0.0043847,-0.00630558
305,-0.539377,0.625864,-0.286718,2.15414,-0.162017,-0.00102793,1.38192,0.0808667,-0.225474,0.383365,-0.111631,0.00360794,0.00805862,0.0023543
315,-0.531743,0.607022,-0.254972,2.14587,-0.162017,-0.00102793,1.38182,0.108053,-0.238816,0.406283,-0.09626,3.22244e-06,-1.66273e-06,-0.00677177
325,-0.521846,0.58704,-0.221401,2.13786,-0.162017,-0.000869783,1.38202,0.137797,-0.246619,0.41782,-0.106719,0.0042767,0.00460583,0.0131135
335,-0.507163,0.5676,-0.18856,2.12831,-0.16178,-0.000790712,1.38202,0.212771,-0.238929,0.401858,-0.11936,0.00446845,0.00425704,0.00586659
345,-0.485249,0.550577,-0.158958,2.11715,-0.161621,-0.000474427,1.38202,0.312415,-0.199425,0.346123,-0.132194,0.00238953,0.00251102,5.60652e-05
355,-0.45625,0.537192,-0.134373,2.1065,-0.161542,-0.000395356,1.38202,0.401437,-0.146868,0.261386,-0.125571,0.00567735,-0.00140204,0.00304348
365,-0.419909,0.527798,-0.118044,2.09542,-0.161621,-0.000474427,1.38202,0.470047,-0.0955097,0.164445,-0.152219,-0.00439776,-0.00324217,0.000242493
375,-0.379003,0.522341,-0.108602,2.08434,-0.161305,-0.000474427,1.38202,0.537275,-0.0490313,0.0845738,-0.129011,0.0118742,-0.00341645,0.00465486
385,-0.335832,0.520359,-0.104817,2.0742,-0.161226,-0.000395356,1.38202,0.528561,-0.0118729,0.0231219,-0.108811,-0.00205205,-0.0101479,-2.05765e-05
395,-0.29394,0.520115,-0.104132,2.06849,-0.16091,-0.000395356,1.38202,0.522823,0.000766589,0.00564445,-0.0383485,0.00746642,0.000931661,-0.000307925
405,-0.252048,0.520115,-0.103859,2.06832,-0.160594,7.90712e-05,1.38202,0.521346,0.000439742,0.00989121,0.00288114,0.00572956,0.0146476,-5.557e-05
415,-0.210192,0.52044,-0.103311,2.06857,-0.15917,0.00134421,1.38202,0.534306,0.00505106,0.0101179,0.000262653,0.0351393,0.0331093,-0.00599857
425,-0.169213,0.521228,-0.10208,2.06857,-0.149603,0.0105955,1.38202,0.494311,0.0178496,0.0232583,3.51143e-08,0.124524,0.11972,-9.48888e-06
435,-0.130096,0.52302,-0.0992519,2.06866,-0.146361,0.0124142,1.38212,0.486633,0.0281478,0.0468109,0.0018896,0.030906,0.0204648,0.00013736
445,-0.0932806,0.526468,-0.0938241,2.06874,-0.136002,0.0213492,1.38212,0.443266,0.048828,0.0713835,0.00639472,0.116051,0.123608,1.83637e-08
455,-0.0603366,0.532061,-0.0848841,2.06883,-0.128333,0.0285447,1.38212,0.380878,0.0815138,0.136808,0.000416047,0.189822,0.191503,2.45506e-12
465,-0.0345146,0.540993,-0.0702426,2.0707,-0.113309,0.0437264,1.38212,0.282026,0.131843,0.213599,0.0334014,0.214351,0.220263,3.2822e-16
475,-0.016472,0.553672,-0.0517697,2.07854,-0.0986808,0.0583545,1.38212,0.188203,0.179915,0.257096,0.127191,0.211089,0.221251,0.00522443
485,-0.00723162,0.569419,-0.0274129,2.0944,-0.0846852,0.0720338,1.38212,0.0769188,0.209164,0.312572,0.239418,0.102259,0.102708,0.00361885
495,-0.00321405,0.587175,-0.00743477,2.1186,-0.0785967,0.0781223,1.38202,0.042751,0.228386,0.189291,0.354905,0.0127412,0.00992513,-0.00290318
505,-0.00200878,0.606207,0.00419631,2.14817,-0.078834,0.0778851,1.38202,0.00444782,0.246166,0.113895,0.370818,-0.00333077,-0.00153908,-0.00667503
515,-0.00193574,0.626081,0.00766283,2.17467,-0.078913,0.0774898,1.38202,2.63558e-05,0.26107,0.00496706,0.29419,-0.00616079,-0.0161185,-0.00417542
525,-0.00193574,0.647394,0.00551907,2.1953,-0.0785967,0.0771735,1.38212,3.52353e-09,0.271973,-0.0392849,0.217659,0.00944193,-0.00794412,0.000446713
535,-0.00197226,0.668951,0.00342091,2.20706,-0.0771735,0.0759083,1.38212,-8.78862e-07,0.26838,-0.0301499,0.0939516,0.023628,-0.0119613,0.00287028
545,-0.00197226,0.68907,0.00328407,2.20859,-0.0764618,0.0748804,1.38202,3.08814e-06,0.245298,0.00315841,0.000431102,0.0201454,-0.0279227,-1.07764e-05
555,-0.00197226,0.707695,0.00291917,2.20859,-0.0758293,0.0742478,1.38212,0.00226017,0.222945,-0.0123521,-0.000885747,-0.000207678,1.2431e-05,0.000340302
565,-0.00200878,0.723686,0.000684182,2.20868,-0.0759083,0.0741688,1.38233,-0.000110011,0.181495,-0.0479112,0.00157281,-0.00142238,-0.00142235,0.000536461
575,-0.00204531,0.735605,-0.00273673,2.20885,-0.0759083,0.0741688,1.38233,-5.24692e-06,0.123886,-0.0489894,0.00106841,-0.00144687,-0.00196678,7.172e-08
585,-0.00208183,0.742935,-0.00538223,2.20885,-0.0759083,0.0741688,1.38233,-2.80643e-05,0.0651779,-0.0284141,7.34847e-06,0.00481608,0.00481053,-0.00183327
595,-0.00208183,0.746356,-0.00665937,2.20944,-0.0759874,0.0742478,1.38233,-3.75194e-09,0.0281272,0.0120265,0.0168224,0.0105949,0.000337097,0.00111072
605,-0.00208183,0.748148,-0.00510856,2.21064,-0.0761455,0.0742478,1.38223,-0.000654813,0.0184591,0.0181895,0.0226486,0.00129488,0.00113533,-0.00297143
615,-0.00204531,0.750157,-0.00492611,2.21268,-0.0763037,0.0742478,1.38223,0.000269131,0.0296227,-0.00157012,0.0181329,-0.00363085,-0.00376985,0.00262733
625,-0.00204531,0.751949,-0.0056559,2.21405,-0.0763037,0.074406,1.38233,0.0026721,0.015993,-0.013704,0.0137726,-0.00606887,0.00607169,0.00758364
3,-0.799058,0.783579,-0.0877121,2.49749,-0.0894295,0.0443589,1.29489,-0.0015901,0.00189832,-0.00318918,0.00247411,-0.00514103,-0.00223155,-0.000392789
13,-0.799021,0.783552,-0.0877577,2.49749,-0.0894295,0.0443589,1.29489,0.00264956,-0.00150476,-0.00420238,0.00189108,-0.000581662,-0.000581273,-0.000126256
23,-0.799058,0.783552,-0.0877577,2.49749,-0.0894295,0.0443589,1.295,-2.01758e-05,-2.01173e-07,-4.64831e-05,0.0059766,0.00072489,0.000250943,0.00473391
33,-0.799021,0.783552,-0.0877577,2.49741,-0.0894295,0.0443589,1.29489,0.00107828,0.000316502,-0.000531729,-0.00463617,0.00188482,-0.0012985,-0.0012121
43,-0.799021,0.783552,-0.0877577,2.49741,-0.0893504,0.044438,1.29489,0.00269359,0.000330186,-0.000551551,-0.000648549,0.0072867,0.00398518,-1.62046e-07
53,-0.799058,0.783525,-0.0877121,2.49749,-0.0893504,0.044438,1.29489,-0.00159809,-4.04912e-05,6.80256e-05,0.000675206,0.00789907,0.00484428,-0.000177901
63,-0.799058,0.78271,-0.0879858,2.49741,-0.0895086,0.0442799,1.295,-0.00076157,-0.0222299,-0.00542529,-1.21178e-05,0.00907216,0.00914587,3.58978e-05
73,-0.799021,0.778909,-0.0878945,2.49732,-0.0895876,0.0442008,1.295,0.00190416,-0.0737087,0.011047,-2.9793e-05,0.00272376,-0.00253124,8.69184e-06
83,-0.798985,0.770764,-0.0873472,2.49715,-0.0895876,0.0442008,1.29489,-0.00267916,-0.1247,0.0205061,-3.47974e-05,0.0020483,0.000891207,-0.0046747
93,-0.798802,0.758547,-0.0866174,2.49698,-0.0898249,0.044438,1.2951,0.00130824,-0.169389,0.0119235,0.00058831,-0.00668015,0.00696778,0.0109895
103,-0.798583,0.74299,-0.0861157,2.49689,-0.0906156,0.0450706,1.29479,0.00364183,-0.206211,0.00531011,-0.00384452,-0.00223251,0.00222874,-0.0121304
113,-0.798145,0.726184,-0.0843368,2.49672,-0.0912481,0.0457031,1.29489,0.00858287,-0.213027,0.0181609,-0.0063602,-0.00988956,0.00698828,0.00752642
123,-0.796684,0.708808,-0.0840631,2.49647,-0.0916435,0.0462566,1.29489,0.019002,-0.226417,0.000820741,-0.00109883,0.00876676,0.00278713,0.00385138
133,-0.795479,0.689857,-0.0821474,2.49579,-0.0942528,0.048866,1.29479,0.0103776,-0.240098,0.0312048,-0.00868889,-0.0485313,0.0531099,-0.000349101
143,-0.794456,0.671123,-0.0790458,2.49553,-0.0978901,0.052187,1.29479,0.0094452,-0.230022,0.0459293,-0.000386415,-0.0104025,-0.00289596,-0.00449672
153,-0.79347,0.653449,-0.0733443,2.49536,-0.097811,0.0527405,1.29489,0.0125828,-0.209319,0.0755878,-0.00260638,0.0111028,0.0127281,0.00669778
163,-0.792411,0.637919,-0.0652253,2.49528,-0.0978901,0.0526614,1.29489,0.0165659,-0.190423,0.104399,0.00327001,0.0045376,0.00472658,0.00536038
173,-0.790621,0.624154,-0.0549626,2.49485,-0.0976529,0.0524242,1.29489,0.0236387,-0.169233,0.139491,-0.00747511,0.00730718,-0.00326154,0.00572328
183,-0.789416,0.612099,-0.0406404,2.49349,-0.0974948,0.0524242,1.29479,0.00783255,-0.143898,0.204947,-0.0255859,-0.00673303,9.39437e-05,-0.00522533
193,-0.789379,0.601049,-0.0224412,2.48991,-0.0970203,0.0527405,1.29479,-0.000253203,-0.139212,0.233851,-0.0707503,0.0161277,0.0128283,-0.00681359
203,-0.789343,0.589266,-0.00346652,2.48053,-0.0969413,0.0528195,1.29489,5.19835e-06,-0.148525,0.241636,-0.128111,-0.00383616,-0.00100689,0.00926173
213,-0.789306,0.577483,0.0161467,2.46945,-0.0962296,0.0535312,1.29489,3.97065e-06,-0.145438,0.251043,-0.144816,0.0107192,0.0223818,0.00297896
223,-0.78905,0.5657,0.0360336,2.45897,-0.0952808,0.0546382,1.29479,0.00451999,-0.149056,0.250616,-0.128043,0.0161142,0.0313361,-0.000753637
233,-0.787663,0.553998,0.0557836,2.44892,-0.0920388,0.057722,1.29479,0.0255881,-0.145944,0.245345,-0.114145,0.0615062,0.0541138,-0.000147528
243,-0.783426,0.543708,0.073253,2.43937,-0.0863457,0.0635732,1.29489,0.0689979,-0.119777,0.20796,-0.119528,0.0501437,0.0501599,0.00743217
253,-0.776267,0.534966,0.0880314,2.42872,-0.0850806,0.0646802,1.29469,0.105902,-0.101278,0.170164,-0.131904,0.0161558,0.00750545,-0.00845861
263,-0.765274,0.528015,0.0998905,2.41781,-0.0845271,0.0650756,1.29489,0.163129,-0.0751122,0.13304,-0.136305,0.0133681,0.000418327,0.00726945
273,-0.748802,0.523888,0.106732,2.40673,-0.082234,0.0668942,1.29489,0.230688,-0.039295,0.0600075,-0.136775,0.0385609,0.0344919,0.00544231
283,-0.727363,0.522531,0.108922,2.39574,-0.0725083,0.0759874,1.29479,0.282755,-0.0124335,0.0124183,-0.139996,0.0668294,0.0503552,-0.000697706
293,-0.704426,0.521988,0.109925,2.38304,-0.0701361,0.07662,1.29479,0.294678,-0.00387965,0.00638028,-0.176856,0.0353971,0.021903,-0.00536289
303,-0.680978,0.521771,0.110381,2.36889,-0.066657,0.0793084,1.29489,0.299435,-0.000893731,0.00671575,-0.189705,0.0717437,0.0812042,0.00110026
313,-0.655631,0.521744,0.110427,2.35338,-0.0585127,0.0871364,1.29489,0.32707,-0.000155532,0.000693326,-0.206594,0.0657314,0.0590246,0.00199312
323,-0.62853,0.521798,0.110518,2.33745,-0.0547963,0.0906946,1.29489,0.347805,0.00197899,0.00343685,-0.195772,0.0536024,0.0611453,0.00245299
333,-0.600042,0.521852,0.110518,2.32142,-0.0458613,0.0996297,1.29479,0.368165,0.00184819,-0.00295694,-0.202053,0.0995511,0.0993578,-0.00466084
343,-0.568486,0.521906,0.110518,2.30566,-0.037717,0.106667,1.29479,0.403269,0.000590148,0.000134902,-0.201339,0.171682,0.170323,-0.000367795
353,-0.535323,0.521879,0.110564,2.28989,-0.0284656,0.115128,1.29479,0.419877,-0.000737188,0.00123863,-0.200794,0.10376,0.102401,-0.00904716
363,-0.501831,0.521934,0.110564,2.27353,-0.0161305,0.127146,1.29479,0.409244,5.70615e-05,8.62859e-05,-0.19641,0.134152,0.131864,-0.00216758
373,-0.470713,0.521988,0.110655,2.25742,-0.00719548,0.136081,1.29479,0.374045,0.000108433,-9.12534e-05,-0.190358,0.0215709,0.0197157,-0.000316926
383,-0.441056,0.522069,0.110701,2.24532,-0.00340006,0.140193,1.29479,0.371891,0.000546422,-0.000834809,-0.125057,0.0441747,0.0489921,-0.00363591
393,-0.41191,0.522069,0.110701,2.23816,0.00142328,0.145017,1.29479,0.361812,-0.000686134,0.00115272,-0.0665164,0.0232943,0.0231007,-0.00258507
403,-0.382911,0.522069,0.110701,2.2362,0.00237214,0.145333,1.29469,0.363662,-5.69506e-06,9.56769e-06,-0.00231887,0.0122618,-0.000540513,-0.0169815
413,-0.353656,0.522124,0.110701,2.23612,0.00616755,0.144542,1.29479,0.367727,0.0022419,-0.00100822,-0.00155083,0.065498,-0.0343333,3.94265e-05
423,-0.324985,0.522341,0.111065,2.23612,0.0112281,0.142012,1.29479,0.352645,0.00566497,0.0095165,-2.07332e-07,0.0458716,-0.0085797,-0.00270676
433,-0.296095,0.523617,0.112571,2.23612,0.0185817,0.144621,1.29479,0.365174,0.0224132,0.0247211,-2.77184e-11,0.127936,0.0552686,-0.00140257
443,-0.265744,0.525816,0.114258,2.23612,0.0287819,0.146756,1.29479,0.38409,0.0353008,0.0286428,-3.7057e-15,0.116669,-0.0515468,-0.00185468
453,-0.235064,0.530051,0.116265,2.23612,0.0393774,0.139007,1.29479,0.380103,0.073463,0.0363658,7.20538e-06,0.106701,-0.0590395,5.50366e-05
463,-0.205955,0.538359,0.119367,2.23603,0.0464939,0.140272,1.295,0.348786,0.132107,0.044016,-0.00474765,0.108847,0.0254798,0.00389021
473,-0.180973,0.552152,0.122377,2.23603,0.0559824,0.136635,1.295,0.291071,0.202731,0.0275417,-0.00408127,0.0503256,-0.0349909,1.30273e-05
483,-0.161543,0.571428,0.122286,2.23612,0.0567731,0.135844,1.2951,0.213406,0.264335,-0.00901601,0.000106185,0.00228636,-0.00228431,6.6476e-05
493,-0.148394,0.594886,0.121739,2.23612,0.0565359,0.135607,1.2951,0.134226,0.306433,-0.00957512,1.4196e-08,-0.0127631,-0.0038195,8.88723e-09
503,-0.140542,0.620488,0.121328,2.23612,0.0558242,0.135212,1.2952,0.0741031,0.319247,-0.0108441,1.89787e-12,-0.0177768,-0.0129525,5.77548e-05
513,-0.136816,0.645385,0.120918,2.2362,0.0550335,0.134579,1.2953,0.0389736,0.306525,-0.00942134,0.00618207,-0.0165699,-0.0234448,3.59258e-05
523,-0.134589,0.667811,0.1211,2.2362,0.0534521,0.132998,1.29551,0.0296469,0.260283,0.00893932,2.1362e-05,-0.0232814,-0.0232957,9.01147e-05
533,-0.131009,0.686409,0.121602,2.2362,0.0457822,0.125486,1.29561,0.0662139,0.213429,-0.0105576,-0.00371094,-0.152087,-0.151965,6.0451e-06
543,-0.12575,0.701613,0.121237,2.23629,0.0424612,0.122165,1.29561,0.0693813,0.174326,-0.0163588,0.00628634,-0.00932657,-0.00939516,-2.47573e-05
553,-0.120125,0.713505,0.120781,2.23629,0.0423821,0.122086,1.29561,0.0676462,0.141212,-0.00439391,8.40427e-07,-1.25755e-05,-4.52159e-05,-0.00662718
563,-0.115669,0.72431,0.120872,2.23646,0.0424612,0.122007,1.29572,0.0500559,0.134488,-0.0025221,0.00414796,0.00743158,-0.00725069,0.00108557
573,-0.11209,0.73517,0.119412,2.23654,0.0419868,0.121691,1.29561,0.0371667,0.129859,-0.0190614,0.00628712,-0.00782407,-0.00790184,-0.00229454
583,-0.109899,0.745189,0.116448,2.23654,0.0405635,0.120109,1.29572,0.0233164,0.118944,-0.0359664,0.00372146,-0.0300342,-0.0348951,0.00478354
593,-0.108767,0.754501,0.112936,2.23654,0.035582,0.114811,1.29572,0.00852245,0.115143,-0.0428532,4.97526e-07,-0.0731102,-0.0925409,9.32462e-06
603,-0.108328,0.763162,0.10988,2.23654,0.0320238,0.111411,1.29572,0.00177796,0.11062,-0.0306255,-0.00527427,-0.0217661,-0.0235076,0.00043412
613,-0.108,0.771063,0.106824,2.23663,0.0309168,0.110462,1.29572,0.00471764,0.092653,-0.0358229,4.29878e-06,-0.0128165,-0.00926775,0.00483798
623,-0.107963,0.777443,0.106139,2.23671,0.0303633,0.109751,1.29572,3.17836e-05,0.0668054,-0.00374804,1.96328e-05,-0.0024394,-0.0036509,0.00184208
633,-0.107817,0.781326,0.107188,2.23671,0.0302843,0.109672,1.29561,0.000289381,0.0365811,0.0239271,2.62473e-09,0.00368826,0.00316808,-0.000137083
643,-0.10705,0.783498,0.106459,2.23697,0.0297308,0.109276,1.29572,0.0162918,0.0254972,-0.0182269,0.00902299,-0.00246392,-0.0102211,0.000213734
653,-0.1061,0.786484,0.105911,2.23714,0.0294145,0.108802,1.29572,0.00584258,0.0479828,-0.00495051,3.60035e-05,-0.00483522,-0.00485891,2.85743e-08
663,-0.105516,0.792267,0.105774,2.23723,0.0291773,0.108407,1.29582,0.00493181,0.0854234,-0.00963087,5.0087e-06,-0.00586596,0.00381795,0.000322666
673,-0.10537,0.799571,0.103904,2.23723,0.0286238,0.106588,1.29582,-0.00108773,0.0873874,-0.0251481,6.69617e-10,-0.0305012,-0.0751765,5.17519e-05
683,-0.105333,0.803154,0.103813,2.23723,0.0241167,0.0943319,1.29572,3.82072e-06,0.01248,0.021159,8.95217e-14,0.0251236,-0.059084,-6.02632e-06
693,-0.104384,0.803263,0.103996,2.23723,0.0280703,0.0905365,1.29572,0.0136133,0.000142457,-0.000221753,-2.95399e-06,0.0724571,-0.0721652,-8.05663e-10
703,-0.104128,0.803616,0.103676,2.23731,0.0302843,0.0884806,1.29572,5.70213e-05,0.0069556,-0.00363541,5.51101e-05,0.00554326,-0.00553942,-1.0771e-13
713,-0.104055,0.805001,0.102901,2.23731,0.0314703,0.0868201,1.29572,0.000198252,0.0274209,-0.00841887,-0.00152033,0.0208681,-0.0333929,-1.43998e-17
723,-0.104019,0.807227,0.103539,2.2374,0.0294145,0.0782805,1.29572,5.25929e-06,0.021114,0.004416,0.000652884,-0.0772449,-0.165328,-1.92512e-21
733,-0.103982,0.808856,0.102901,2.2374,0.0201631,0.0668151,1.29572,0.000140578,0.00940346,-0.00328736,8.72847e-08,-0.0754053,-0.0949424,-2.57372e-25
743,-0.104019,0.809155,0.10249,2.23757,0.0166049,0.0616755,1.29572,-0.00269409,0.00381225,-0.00639755,0.000549652,-0.0266795,-0.055696,0.000754899
753,-0.104019,0.809507,0.101897,2.23833,0.0196097,0.057722,1.29561,-3.60176e-07,0.00627405,-0.0105404,0.010895,0.0398112,-0.0443031,-0.000188726
763,-0.103982,0.809562,0.101897,2.23936,0.021112,0.0559033,1.29551,7.29258e-05,-0.00143335,0.00268364,0.0104322,0.00930274,-0.0118717,-6.05837e-06
773,-0.104019,0.809562,0.101897,2.24004,0.0220609,0.05448,1.29551,-0.000279833,-0.00142192,0.00238115,0.00807376,0.0165832,-0.0167503,-8.09949e-10
783,-0.104019,0.809589,0.101852,2.24021,0.023326,0.053373,1.29551,-3.74112e-08,7.00508e-06,-1.17695e-05,3.58751e-05,0.00766693,-0.00707699,-1.08283e-13
793,-0.104019,0.809589,0.101852,2.24029,0.023326,0.0532149,1.29541,-5.00153e-12,0.000288211,-0.00115127,-0.00370528,-0.00453346,-0.00486457,-0.00461059
803,-0.104019,0.809589,0.101852,2.24046,0.0236423,0.0530568,1.29541,-6.68659e-16,0.00016523,-0.000389715,0.00628275,0.00586818,-0.00702205,-5.23342e-05
9,-0.373817,0.970616,-0.138387,1.67434,0.234762,0.416942,1.28986,0.000267127,2.30074e-06,-3.86482e-06,-0.000623296,-0.00759859,0.00406752,0.00274536
19,-0.373817,0.970616,-0.138387,1.67434,0.234841,0.416863,1.28976,3.57124e-08,3.07589e-10,-5.16692e-10,-4.29849e-05,-0.00324127,-0.00440543,-0.0064348
29,-0.373817,0.970616,-0.138387,1.67443,0.23492,0.416942,1.28986,4.77443e-12,4.11218e-14,-6.90769e-14,0.00628683,0.00438892,-0.00303547,0.0071147
39,-0.373817,0.970616,-0.138387,1.67434,0.23492,0.416942,1.28965,0.000764221,1.36682e-05,-2.29626e-05,-1.2102e-06,5.86758e-07,-4.05814e-07,-0.0125758
49,-0.373817,0.970616,-0.138387,1.67434,0.23492,0.416942,1.28965,1.02169e-07,-0.00019855,-0.00033357,-0.000623232,0.004837,-0.00486962,-0.00837314
59,-0.373817,0.970616,-0.138387,1.67434,0.234762,0.416942,1.28976,1.36591e-11,-0.000565865,-0.000950652,-0.00158847,-0.00515903,-0.00650717,-0.000270926
69,-0.373817,0.970372,-0.138524,1.67434,0.234683,0.417021,1.28976,1.8261e-15,-0.00550419,-0.00204862,-2.12363e-07,-0.00351858,0.00349816,0.00179098
79,-0.373853,0.969802,-0.138843,1.67434,0.234604,0.416942,1.28976,-0.00269435,-0.00957602,0.00153392,0.000104655,-0.00308258,0.0022794,-0.00188849
89,-0.373853,0.968879,-0.138113,1.67434,0.234525,0.416705,1.28986,-0.00166264,-0.0166351,0.0156093,1.39915e-08,-0.00351185,-0.00363264,0.00466592
99,-0.373817,0.966707,-0.137019,1.67434,0.234525,0.416705,1.28965,0.000158067,-0.0329707,0.0035186,1.87053e-12,-0.00234716,0.000636155,-0.00773241
109,-0.373817,0.963286,-0.135742,1.67434,0.234525,0.416863,1.28976,0.0010313,-0.044248,0.0048981,0.00371041,0.00145693,0.00285002,1.43867e-06
119,-0.373817,0.959566,-0.135422,1.67434,0.234446,0.416942,1.28986,0.000651647,-0.0513615,-0.00116407,4.96048e-07,-0.00171381,0.00226788,0.00531279
129,-0.373817,0.955249,-0.135468,1.67434,0.234288,0.416942,1.28986,0.00045051,-0.0528102,-0.00408553,0.00434056,-0.00264608,-0.000765587,0.00623756
139,-0.373853,0.949928,-0.135377,1.67434,0.234051,0.41718,1.28986,-0.00192884,-0.0676152,0.00704291,0.00026321,-0.00196851,0.00244204,0.00560993
149,-0.373817,0.943439,-0.135057,1.67434,0.233734,0.41718,1.28986,0.00160274,-0.0858377,-0.00448913,0.00382246,-0.0072168,-0.00453318,0.00713527
159,-0.373853,0.935457,-0.134236,1.67434,0.233102,0.417654,1.28976,-0.00103327,-0.104518,0.00901839,0.00371062,-0.0162302,0.00736549,-0.00440009
169,-0.373817,0.925493,-0.1341,1.67434,0.231046,0.419394,1.28986,0.000128583,-0.137481,-0.00280222,9.7968e-05,-0.059831,0.0432674,0.00295876
179,-0.373817,0.913601,-0.133552,1.67434,0.224799,0.425166,1.28986,4.37095e-06,-0.157732,0.00878686,1.30974e-08,-0.0400721,0.036978,0.00177648
189,-0.37378,0.89932,-0.131819,1.67434,0.223376,0.426273,1.28976,0.00110424,-0.188458,0.0284706,-0.000305517,-0.0200281,0.0111847,-0.00449672
199,-0.373817,0.883491,-0.128489,1.67443,0.222427,0.427222,1.28986,-0.000170364,-0.205024,0.0445105,0.00105583,-0.0201526,0.012987,0.00745276
209,-0.373817,0.867229,-0.123518,1.67443,0.221399,0.428249,1.28976,-0.000923027,-0.203983,0.0831713,0.000147694,-0.0170186,0.0101133,-0.00631668
219,-0.37378,0.851997,-0.115809,1.67451,0.22045,0.429198,1.28976,0.00202435,-0.180518,0.121813,-0.00360406,-0.0144675,0.0131107,-0.00645014
229,-0.37378,0.838287,-0.105729,1.6746,0.218711,0.430622,1.28976,1.53677e-06,-0.164942,0.128206,-0.00062158,-0.0370616,0.0322579,-0.000755708
239,-0.37378,0.82482,-0.0949644,1.6746,0.212939,0.43418,1.28976,2.05452e-10,-0.166185,0.131613,-5.01983e-05,-0.04935,0.0123266,-0.00100626
249,-0.37378,0.811354,-0.0845648,1.67477,0.210567,0.435603,1.28986,-0.00235126,-0.161465,0.142737,0.00477841,-0.0247552,0.0246002,0.00468688
259,-0.373743,0.798485,-0.0721584,1.67511,0.209539,0.436473,1.28976,7.56993e-05,-0.155399,0.163889,0.0112534,-0.0166865,0.0148066,-0.00241347
269,-0.37378,0.786294,-0.0567871,1.67519,0.207799,0.438054,1.28986,-0.000431092,-0.148157,0.205029,0.000138924,-0.00954128,0.00642284,0.000209954
279,-0.373743,0.773751,-0.0403667,1.67528,0.203529,0.440743,1.28986,6.71563e-05,-0.161177,0.212619,0.00253336,-0.11954,0.0834726,0.00757323
289,-0.373743,0.760583,-0.0238095,1.67562,0.193013,0.447938,1.28976,-0.000120066,-0.165059,0.220838,-0.000616416,-0.0978507,0.0331811,0.00478411
299,-0.373707,0.747741,-0.00506294,1.6757,0.184868,0.454817,1.28976,0.000185444,-0.157915,0.237236,1.21259e-05,-0.104603,0.101399,-0.000125577
309,-0.373707,0.735415,0.0151888,1.67604,0.18044,0.458929,1.28986,0.00044416,-0.152169,0.252784,0.00666416,-0.0570888,0.0446135,0.00751378
319,-0.373707,0.723442,0.0353038,1.67715,0.17285,0.466362,1.28986,4.41323e-06,-0.149676,0.251342,0.0250841,-0.144168,0.140802,0.00755116
329,-0.373707,0.711577,0.0552363,1.6855,0.165891,0.469841,1.28976,5.90008e-10,-0.147985,0.248615,0.158215,-0.100635,0.00979199,-0.00530004
339,-0.37367,0.699848,0.0749407,1.70323,0.148496,0.469366,1.28976,8.78885e-07,-0.14411,0.243732,0.244553,-0.163492,-0.0264255,-0.000444071
349,-0.37367,0.688418,0.0940522,1.72462,0.133947,0.465255,1.28996,1.17499e-10,-0.144189,0.237803,0.270923,-0.289854,-0.085572,0.00323692
359,-0.373707,0.677232,0.112844,1.74439,0.117895,0.464701,1.29027,-0.00269249,-0.137771,0.231455,0.244346,-0.17299,-0.0778852,-0.00707707
369,-0.37367,0.665585,0.132412,1.76391,0.108486,0.463515,1.29027,5.19014e-07,-0.15121,0.254078,0.244691,-0.0612626,0.0449689,0.00182361
379,-0.37367,0.652661,0.154123,1.78402,0.104611,0.465808,1.29027,-0.00185742,-0.165687,0.278354,0.272938,-0.0464773,0.0145715,0.00183359
389,-0.373597,0.638055,0.178754,1.80822,0.101369,0.464939,1.29017,0.00269934,-0.185093,0.315391,0.331244,-0.0452306,-0.0216971,-2.22706e-06
399,-0.37283,0.623421,0.203521,1.83856,0.0958343,0.460511,1.29017,0.0203821,-0.174621,0.300445,0.401764,-0.110949,-0.103595,-2.97737e-10
409,-0.37031,0.610687,0.225187,1.87112,0.0922761,0.456952,1.29017,0.0470334,-0.14887,0.257035,0.40008,-0.0475632,-0.0372507,0.00126706
419,-0.36611,0.600343,0.243569,1.9035,0.0845271,0.448413,1.29017,0.0578414,-0.114924,0.215493,0.409975,-0.144044,-0.172807,0.00452517
429,-0.360339,0.592388,0.258301,1.93273,0.0796247,0.442878,1.29027,0.0739854,-0.088047,0.166461,0.347573,-0.0356459,-0.0290505,8.82438e-05
439,-0.352962,0.586985,0.270115,1.95804,0.0727455,0.43505,1.29017,0.101237,-0.0546997,0.13046,0.31118,-0.117583,-0.148721,-0.00682802
449,-0.342662,0.583619,0.276501,1.97909,0.0687129,0.430068,1.29037,0.139299,-0.0291649,0.0613518,0.240322,-0.0397672,-0.0348637,0.00761462
459,-0.329806,0.582858,0.27869,1.99588,0.0628616,0.421054,1.29068,0.171256,0.00087139,0.010004,0.206458,-0.145637,-0.215557,0.000824251
469,-0.315525,0.584325,0.281062,2.01096,0.0554289,0.394644,1.29078,0.183665,0.0285411,0.0412204,0.181373,-0.0983296,-0.412355,-0.00696653
479,-0.301573,0.58742,0.28617,2.02545,0.0468892,0.364913,1.29109,0.177848,0.0369319,0.0553124,0.185865,-0.135934,-0.439796,0.000125098
489,-0.288498,0.590189,0.290367,2.0419,0.038903,0.336527,1.29109,0.153813,0.029946,0.0501398,0.230201,-0.110721,-0.427636,1.67244e-08
499,-0.276518,0.591384,0.291188,2.0632,0.0105955,0.307429,1.29284,0.136063,0.0112818,-0.000902929,0.30814,-0.824148,-0.314152,0.0957023
509,-0.2702,0.592388,0.291233,2.09627,-0.0426984,0.246702,1.29335,0.0562199,0.0135651,0.00248598,0.42985,-0.380729,-0.519487,-0.00885097
519,-0.267643,0.593203,0.291325,2.12917,-0.0694245,0.226302,1.29325,0.0112584,0.00998967,-0.00361357,0.425477,-0.433298,-0.357353,-0.0143088
529,-0.267424,0.5938,0.291233,2.16138,-0.0853178,0.208669,1.29325,0.000708765,0.011515,-0.00537902,0.376972,-0.16596,-0.199104,-0.000701532
539,-0.267424,0.595673,0.291553,2.18891,-0.0883225,0.204873,1.29376,-0.00154076,0.0438039,0.0183032,0.312176,-0.0247637,-0.0398686,0.0233566
549,-0.267241,0.603683,0.293788,2.20851,-0.0952808,0.196334,1.29469,0.00340882,0.137985,0.0335877,0.186239,-0.157404,-0.191328,0.0110633
559,-0.267095,0.620271,0.298577,2.2137,-0.0982064,0.191669,1.29561,0.00272553,0.24203,0.0749619,-8.41512e-05,-0.0119444,-0.0204584,0.0145329
569,-0.267022,0.642399,0.303913,2.21294,-0.102476,0.185185,1.29695,0.00206334,0.283756,0.0610876,-0.00976691,-0.110164,-0.151692,0.0166845
579,-0.266986,0.66249,0.308657,2.21268,-0.109118,0.174747,1.29746,0.000727978,0.216009,0.0502455,-0.00735633,-0.020239,-0.0588173,0.00336684
589,-0.266913,0.674707,0.31331,2.21277,-0.111965,0.169212,1.29777,0.00270093,0.112428,0.0724068,0.00450974,-0.0400586,-0.0856167,0.00129429
599,-0.26673,0.681522,0.320197,2.21285,-0.114574,0.165654,1.29756,0.00341091,0.0753628,0.10388,0.000177967,-0.0115001,0.000214185,-0.00053632
609,-0.265233,0.686925,0.327449,2.21302,-0.114811,0.165417,1.29756,0.0331985,0.0652319,0.0602226,8.49283e-05,-0.00256805,-0.00372269,-7.17011e-08
619,-0.261069,0.693196,0.329684,2.21311,-0.114811,0.165259,1.29849,0.0541819,0.0873364,0.00450024,2.98028e-05,0.00622174,-0.00623186,0.0202678
629,-0.256613,0.701287,0.329319,2.21302,-0.115365,0.165022,1.30794,0.0428705,0.105967,0.00799667,-0.00566592,-0.00623112,-0.0062118,0.269602
639,-0.253545,0.709867,0.328681,2.21294,-0.11576,0.164784,1.32716,0.0399493,0.0979221,-0.0154095,0.00368674,-0.0146265,-0.00295494,0.23687
649,-0.25139,0.716654,0.327677,2.21268,-0.11663,0.164073,1.33383,0.018729,0.0744329,0.0126382,-0.00495557,-0.0311986,-0.0187448,0.0367855
659,-0.250295,0.720129,0.327312,2.2126,-0.116946,0.163598,1.33835,0.00957855,0.022657,-0.0188713,-0.00551495,-0.00307581,-0.00861752,0.00929329
669,-0.249381,0.720564,0.326674,2.2126,-0.117183,0.163519,1.33835,0.0103574,0.00164422,0.00252266,-3.69081e-06,0.00163669,0.000483327,1.24243e-06
679,-0.248468,0.720564,0.326583,2.21251,-0.117263,0.16344,1.34154,0.0166029,-0.00146634,-0.00251476,-0.000800538,-0.00441921,-0.00394539,0.0536493
689,-0.2473,0.720672,0.326583,2.21183,-0.117342,0.163519,1.34452,0.0163659,0.00434926,-0.000553492,-0.00706173,0.00134521,-0.00134085,0.0167584
699,-0.245802,0.720808,0.326263,2.21192,-0.117263,0.163598,1.3476,0.0143328,0.00237317,-0.00444923,0.00553001,0.0026533,0.00089135,0.0453291
709,-0.242844,0.72089,0.325488,2.21149,-0.117025,0.163677,1.35294,0.049347,0.00189314,-0.017058,-0.011928,0.00920434,0.00724479,0.0992071
719,-0.238936,0.72279,0.32193,2.21038,-0.117025,0.163677,1.35736,0.0601619,0.0375682,-0.065772,-0.00696681,0.00338785,0.00338759,0.0673532
729,-0.230389,0.72632,0.313082,2.20978,-0.116946,0.16344,1.36908,0.132772,0.0503396,-0.154326,-0.0191488,0.00188347,0.00058285,0.238792
739,-0.215963,0.731152,0.296479,2.20527,-0.116709,0.163519,1.37411,0.1968,0.0686308,-0.222073,-0.0814586,0.00553787,0.00266075,0.049829
749,-0.199235,0.736881,0.27755,2.19564,-0.116235,0.163203,1.37945,0.205641,0.0763526,-0.238386,-0.144247,0.0108637,-0.00586539,0.0616787
759,-0.184699,0.742311,0.261494,2.18354,-0.11576,0.163203,1.38069,0.158524,0.0588767,-0.188351,-0.130999,0.0126735,-0.0102494,0.0153349
769,-0.172317,0.745053,0.242656,2.1774,-0.115839,0.163282,1.38089,0.155958,0.0135758,-0.268217,-0.0300527,0.00364725,0.00389371,-0.00181127
779,-0.156576,0.744782,0.213373,2.17749,-0.115602,0.163835,1.38069,0.223129,-0.00406316,-0.427032,0.00746926,0.00862857,0.0204245,-0.00810164
789,-0.134333,0.747117,0.174603,2.17783,-0.115128,0.164152,1.38058,0.312664,0.0569288,-0.515111,0.00665054,0.00189925,-0.00170998,-0.00447684
799,-0.108401,0.754474,0.134328,2.17757,-0.114337,0.163203,1.38243,0.322794,0.119087,-0.471029,-0.0105105,0.0301701,-0.0293077,0.0475421
809,-0.0849533,0.76471,0.103357,2.17595,-0.110542,0.159566,1.38336,0.265077,0.134193,-0.329662,-0.032627,0.0409174,-0.0341985,0.00507807
819,-0.0673125,0.774484,0.07973,2.17144,-0.10809,0.157273,1.38706,0.195051,0.111703,-0.290485,-0.0554245,0.00981808,-0.0124086,0.0964051
829,-0.0545659,0.783552,0.059387,2.1676,-0.107458,0.156956,1.39322,0.129643,0.115432,-0.22037,-0.0619211,0.00275991,0.00892342,0.0395273
839,-0.0473708,0.792294,0.0445174,2.16308,-0.106509,0.156007,1.39384,0.0784761,0.112014,-0.190944,-0.0386566,0.00779725,0.00191653,0.0121953
849,-0.0435724,0.799435,0.0326127,2.16172,-0.106746,0.15577,1.39435,0.0430186,0.0805813,-0.135026,-0.00460762,-0.000453526,-0.000374724,0.00600548
859,-0.0404314,0.805055,0.0234446,2.16172,-0.106667,0.155691,1.39435,0.0337815,0.0592444,-0.0860583,0.00512543,0.00709611,-0.00595317,8.02877e-07
869,-0.0382034,0.807851,0.0187466,2.16172,-0.106667,0.155691,1.39445,0.0259199,0.025192,-0.040693,0.000173049,0.00394363,-0.00695934,0.00217703
879,-0.035245,0.810078,0.0152801,2.16172,-0.106667,0.155849,1.39486,0.0432672,0.0330405,-0.0474588,0.00179679,-0.00391274,0.00472099,0.00910166
889,-0.0300222,0.813851,0.00930487,2.16163,-0.106588,0.155612,1.39692,0.0733454,0.0472848,-0.0767708,-0.00169439,4.78763e-05,-0.000771252,0.0460923
899,-0.0258951,0.816105,0.00551907,2.16078,-0.105955,0.155138,1.39723,0.035845,0.00962874,-0.0161759,-0.0117017,0.0104622,-0.0102454,5.41446e-05
909,-0.0248724,0.816214,0.00542784,2.1607,-0.105797,0.155296,1.39712,0.00492196,0.00422978,-0.000375628,0.000374065,-0.00236739,0.00238842,-0.00758035
919,-0.0245802,0.817381,0.00556468,2.16078,-0.105797,0.155454,1.39702,0.000766889,0.0208225,-0.00250344,0.0062869,0.00226157,0.0025251,-0.00127414
929,-0.0245802,0.818657,0.00551907,2.1607,-0.105481,0.15577,1.39702,1.02526e-07,0.00721122,0.000207237,-0.00257595,0.00354276,0.0132444,-1.70341e-07
939,-0.0245802,0.818847,0.00574713,2.16078,-0.105402,0.156007,1.39682,1.37068e-11,0.00403739,0.00404203,1.70643e-06,-0.0064894,0.00402179,-1.20655e-05
949,-0.0245802,0.819254,0.00634008,2.16078,-0.105007,0.156245,1.39661,1.83247e-15,0.00363116,0.0049696,2.28134e-10,0.0112474,0.00319819,-0.000527796
959,-0.0245802,0.81977,0.00665937,2.16087,-0.10469,0.156561,1.39661,2.44985e-19,0.00312046,0.00398162,0.00257646,0.00641277,0.00639284,0.00030785
969,-0.0245802,0.819879,0.00665937,2.16087,-0.104532,0.156719,1.39671,3.27522e-23,0.00235007,-0.00297229,0.000112227,-0.0032199,-0.00333213,0.000310443
979,-0.0245802,0.820042,0.00684182,2.16087,-0.104374,0.157035,1.39661,4.37867e-27,0.000413039,0.000633986,1.50038e-08,-0.00579248,0.00588672,-0.00127304
7,0.689378,1.01202,0.215335,1.99111,-1.67022,0.375667,1.39425,0.000267089,-0.000129532,0.000517507,-0.00586501,-0.00139723,0.010234,-0.00449532
17,0.689378,1.01205,0.215289,1.99119,-1.67022,0.375667,1.39425,5.24316e-05,0.00168308,-0.00281982,0.00549481,-0.00462859,0.00579951,-0.00466389
27,0.689378,1.01205,0.215289,1.99119,-1.67014,0.375588,1.39425,7.00962e-09,0.000118177,-0.000198536,0.00183707,0.00520446,0.00528406,-0.00535585
37,0.689378,1.01205,0.215289,1.99128,-1.67006,0.375509,1.39425,9.37122e-13,1.57992e-08,-2.65424e-08,0.00105623,0.00726115,-0.00440548,-0.00447417
47,0.689378,1.01191,0.215244,1.99119,-1.67014,0.37543,1.39435,0.000109453,-0.00370173,-0.00345869,-0.00063236,-0.000124284,-0.0117359,0.00530303
57,0.689378,1.0102,0.213921,1.99119,-1.6699,0.375351,1.39435,1.28037e-06,-0.0400413,-0.0278297,-0.000255503,0.00547048,0.00423823,0.0029232
67,0.689305,1.00445,0.212917,1.99119,-1.6699,0.375351,1.39435,-0.000454695,-0.0858065,-0.000434448,-0.00177613,0.00197355,-0.000848491,0.00720896
77,0.689305,0.996463,0.213373,1.99136,-1.66983,0.375272,1.39435,-6.07886e-08,-0.0952575,0.013177,0.00628787,0.00524779,-0.00637144,0.00649666
87,0.689269,0.987178,0.213282,1.99128,-1.66975,0.375193,1.39425,-7.16641e-05,-0.124377,0.00177338,-0.00628554,-0.0055094,0.00443216,-0.00483756
97,0.689232,0.974037,0.212644,1.99145,-1.66943,0.374876,1.39425,-0.000185479,-0.187617,-0.0136607,0.00628799,0.000363574,0.000115653,-2.53992e-05
107,0.689232,0.957747,0.210272,1.99213,-1.66919,0.374323,1.39425,-0.000659145,-0.209201,-0.0388246,0.0109184,0.00174576,-0.0203417,-2.98873e-05
117,0.689159,0.940181,0.20603,1.99247,-1.66737,0.37203,1.39435,-0.000187709,-0.226808,-0.0671435,0.000258571,0.0451132,-0.0471531,0.0129873
127,0.689013,0.921149,0.200602,1.99273,-1.6597,0.363411,1.39425,-0.00242514,-0.240829,-0.0676207,0.00113074,0.049708,-0.0436983,0.00186242
137,0.688903,0.901546,0.194946,1.99358,-1.65891,0.362462,1.39425,-0.00277279,-0.249441,-0.0683826,0.00648325,0.00480118,-0.000987133,0.00100753
147,0.688721,0.881781,0.190567,1.99392,-1.65852,0.361909,1.39425,-0.00121913,-0.246104,-0.0554359,0.00124849,0.00206151,-0.00233075,0.00247587
157,0.688684,0.86245,0.186462,1.99503,-1.65765,0.361197,1.39415,-2.30759e-06,-0.235952,-0.0445743,0.0195907,0.0192053,-0.0036227,-0.00599357
167,0.688502,0.843825,0.181171,1.99818,-1.65464,0.358192,1.39415,-0.00022489,-0.232659,-0.0860826,0.0531985,0.0838698,-0.0694241,-0.00198149
177,0.688429,0.826178,0.172323,2.00398,-1.6446,0.347834,1.39415,-0.00379866,-0.222234,-0.118762,0.0987987,0.0713119,-0.0815329,-0.0072569
187,0.688283,0.808096,0.160555,2.01292,-1.63464,0.337713,1.39415,-0.00111928,-0.238399,-0.167853,0.128345,0.113059,-0.11391,-0.00468536
197,0.688173,0.788738,0.145001,2.02417,-1.62831,0.330438,1.39415,-0.000109463,-0.250173,-0.223003,0.148172,0.131667,-0.127782,-9.63049e-05
207,0.688136,0.766719,0.124521,2.03559,-1.62191,0.32182,1.39415,-0.00045252,-0.281237,-0.277414,0.139155,0.0119306,-0.0241268,-0.000898585
217,0.688027,0.742582,0.0987502,2.04607,-1.61582,0.31415,1.39425,-0.00185638,-0.309515,-0.353218,0.130637,0.167776,-0.236962,0.00757844
227,0.687954,0.718066,0.0674147,2.05775,-1.61108,0.296122,1.39404,0.00139125,-0.3075,-0.411717,0.166877,0.026348,-0.319691,0.00402896
237,0.686858,0.695694,0.034574,2.07309,-1.60934,0.279517,1.39404,-0.0284619,-0.270461,-0.399565,0.21201,0.017326,-0.157639,-0.00111045
247,0.683133,0.67563,0.00141398,2.09056,-1.60768,0.259037,1.39415,-0.0516378,-0.245122,-0.411092,0.214952,0.0150287,-0.158984,0.00758288
257,0.678166,0.656001,-0.0316548,2.10658,-1.60783,0.246228,1.39404,-0.0624694,-0.247362,-0.420895,0.197744,-0.0724653,-0.154073,-0.00483408
267,0.6736,0.635774,-0.065727,2.1203,-1.61226,0.23753,1.39404,-0.0632018,-0.252017,-0.427439,0.167858,-0.0429925,-0.0592673,-0.00213609
277,0.668158,0.615764,-0.0994344,2.13206,-1.6189,0.227883,1.39415,-0.0785686,-0.242959,-0.402716,0.153137,-0.130126,-0.170476,0.00845683
287,0.659867,0.598008,-0.129447,2.14084,-1.62412,0.216022,1.39404,-0.119341,-0.208266,-0.352562,0.0878494,-0.0890299,-0.212334,0.00183508
297,0.647815,0.582858,-0.154899,2.14527,-1.63314,0.193092,1.39404,-0.16195,-0.182169,-0.30609,0.0572503,-0.204393,-0.300954,0.00482407
307,0.633205,0.569256,-0.177933,2.14783,-1.64808,0.174668,1.39394,-0.20359,-0.157689,-0.261026,0.00431492,-0.136946,-0.17522,-0.00226933
317,0.615638,0.55674,-0.199142,2.14774,-1.65994,0.159803,1.39404,-0.229951,-0.151371,-0.255457,-0.00028458,-0.125696,-0.180232,0.000691437
327,0.596572,0.544224,-0.220261,2.14774,-1.6654,0.13964,1.39404,-0.23208,-0.15447,-0.259962,-3.80458e-08,-0.0632938,-0.246722,0.00124242
337,0.575133,0.532739,-0.239828,2.14774,-1.67251,0.127937,1.39394,-0.285365,-0.13675,-0.223101,2.47884e-05,-0.0829943,-0.0837919,-0.00535651
347,0.55037,0.523318,-0.255747,2.14774,-1.67813,0.119951,1.39404,-0.331583,-0.106693,-0.180876,3.31398e-09,-0.00642104,-0.0668697,0.000465767
357,0.522722,0.516612,-0.267287,2.14774,-1.67694,0.117816,1.39394,-0.350943,-0.0684805,-0.116399,4.43049e-13,0.0255609,-0.0395613,-0.000346008
367,0.492043,0.513327,-0.273445,2.14774,-1.67196,0.112044,1.39394,-0.400856,-0.0220331,-0.047523,5.92315e-17,0.0840729,-0.0924445,-0.00265756
377,0.457784,0.513598,-0.274539,2.14774,-1.67101,0.110304,1.39384,-0.437362,0.0156939,-0.0195093,7.91872e-21,-0.00753526,-0.00782383,-0.00846
387,0.424182,0.515526,-0.277778,2.14774,-1.67125,0.110067,1.39394,-0.417734,0.0222476,-0.036662,1.05866e-24,-0.00251136,-0.00262363,0.00633417
397,0.38901,0.517617,-0.281107,2.14783,-1.67275,0.108565,1.39394,-0.453749,0.023453,-0.0326612,0.00105606,-0.0134687,-0.0248911,-0.00180149
407,0.353692,0.520223,-0.285213,2.14817,-1.679,0.10216,1.39394,-0.431933,0.0367847,-0.0562302,0.00675151,-0.137805,-0.152769,-0.000764008
417,0.320565,0.524133,-0.291233,2.14953,-1.6858,0.0953598,1.39394,-0.396581,0.0545105,-0.0841437,0.0268037,-0.0556295,-0.0661375,-0.00152903
427,0.291749,0.529807,-0.29958,2.15166,-1.69394,0.0861085,1.39404,-0.332683,0.0840939,-0.112915,0.0377524,-0.133586,-0.157262,0.012926
437,0.267862,0.538739,-0.308383,2.15567,-1.70074,0.0758293,1.39384,-0.28473,0.135866,-0.104157,0.0553686,-0.139676,-0.207255,-0.00750755
447,0.246167,0.551744,-0.31299,2.16266,-1.70224,0.0610429,1.39394,-0.256754,0.181095,-0.0335206,0.0980762,0.0438045,-0.220461,-0.000566903
457,0.228198,0.568469,-0.313629,2.17152,-1.70375,0.0435682,1.39394,-0.202481,0.222913,0.00690842,0.0976835,0.0249616,-0.103197,0.000572918
467,0.215926,0.58837,-0.314587,2.17749,-1.69853,0.0293354,1.39394,-0.123206,0.263221,-0.0139476,0.0536361,-0.0109893,-0.183788,0.000384488
477,0.208074,0.611203,-0.314632,2.17885,-1.69568,0.00545591,1.39404,-0.0842256,0.302991,0.0100721,0.000454352,0.0716696,-0.308511,0.0131975
487,0.20391,0.636751,-0.314222,2.17885,-1.68659,-0.0308378,1.39384,-0.0422724,0.332369,-0.000109125,6.07427e-08,0.175072,-0.460897,-0.00463315
497,0.200878,0.663983,-0.313629,2.17893,-1.67576,-0.0756711,1.39404,-0.0321154,0.345179,0.0038984,0.00628682,0.100113,-0.54362,0.014847
507,0.198176,0.690454,-0.314222,2.17876,-1.66405,-0.115839,1.39384,-0.0403489,0.325918,0.00116263,-0.00451508,0.163254,-0.45471,-0.00595655
517,0.194706,0.715731,-0.314632,2.17885,-1.65607,-0.143119,1.39384,-0.0416818,0.305335,-0.0117977,0.000113329,0.0374393,-0.309961,0.000223948
527,0.191273,0.739026,-0.314176,2.17876,-1.65852,-0.148258,1.39384,-0.0430296,0.275944,0.00481282,-2.97736e-05,-0.0527491,-0.0688466,-0.00107302
537,0.188862,0.759497,-0.314632,2.17876,-1.65804,-0.159487,1.39384,-0.0316538,0.246328,-0.0030793,0.000623165,0.0153474,-0.264468,-0.00366677
547,0.185977,0.776411,-0.314313,2.17885,-1.65678,-0.164389,1.39384,-0.0300626,0.184221,-0.00291625,1.22931e-05,-0.00621801,-0.0151959,0.000255727
557,0.183712,0.788113,-0.31445,2.17885,-1.65607,-0.165733,1.39394,-0.0220053,0.126426,-0.00168806,0.000298295,0.0228557,-0.0396573,0.0075881
567,0.181485,0.796801,-0.314815,2.17928,-1.64666,-0.175617,1.39404,-0.039806,0.105468,0.00133124,0.0166391,0.221608,-0.233303,0.0106292
577,0.178124,0.805896,-0.315043,2.18175,-1.63061,-0.191985,1.39394,-0.0348507,0.120805,-0.00961515,0.0442436,0.200788,-0.20459,0.00189243
587,0.175385,0.815562,-0.314678,2.18925,-1.62048,-0.20258,1.39394,-0.0254292,0.116431,-0.00257813,0.111593,0.0411678,-0.0481079,-0.00395717
597,0.174289,0.822485,-0.314906,2.19922,-1.61392,-0.208985,1.39384,-0.00297125,0.0686492,-0.0119968,0.12376,0.108355,-0.119409,-0.000396094
607,0.174107,0.826259,-0.31486,2.20936,-1.61021,-0.212543,1.39394,-0.00587377,0.0363689,0.00874886,0.12418,0.0115711,-0.0107829,0.000817659
617,0.173742,0.828757,-0.315681,2.21899,-1.60989,-0.21286,1.39404,-0.000803452,0.033228,-0.0214266,0.10898,0.00765296,0.00205271,0.000513153
627,0.172682,0.831553,-0.315362,2.22606,-1.60989,-0.21286,1.39404,-0.01552,0.0449934,-0.00306377,0.0602862,-0.00204876,0.00368059,6.86039e-08
637,0.171587,0.833454,-0.316092,2.22674,-1.60997,-0.212781,1.39404,-0.0147225,0.000320763,0.00534995,-0.00621401,0.00880741,-0.00239491,0.00310007
647,0.17082,0.833481,-0.316046,2.22674,-1.60989,-0.21286,1.39404,-0.00913362,0.00010457,0.000176321,-8.30756e-07,0.00804396,0.00358645,-3.14645e-06
657,0.170601,0.833427,-0.315864,2.22666,-1.61013,-0.212781,1.39404,-0.00170747,-0.00242934,0.00408669,-0.000435726,-0.00957616,0.00221018,0.00183317
667,0.170674,0.833074,-0.315362,2.22581,-1.61036,-0.212701,1.39404,0.00110924,-0.00635515,0.004614,-0.0179517,-0.00642346,0.00276478,0.00108924
677,0.170674,0.832721,-0.314952,2.22495,-1.61028,-0.212781,1.39394,0.000113964,-0.00341858,0.00520132,-0.00139433,0.00578287,-0.00586296,-0.00465317
687,0.170674,0.832639,-0.314906,2.22478,-1.61028,-0.212781,1.39394,1.52359e-08,0.00145535,-0.00245041,-0.000179601,-0.00164036,-0.00873451,-0.000776743
697,0.170674,0.832639,-0.314906,2.22478,-1.61021,-0.212701,1.39394,0.00171805,3.43101e-06,-5.76482e-06,0.00179342,0.00461948,-0.00413764,-0.00076019
707,0.170674,0.832612,-0.314952,2.22478,-1.61021,-0.212701,1.39394,1.08547e-05,-0.00318513,-0.00137899,0.000993682,0.00897916,-0.00209338,-0.0044773
717,0.170637,0.832639,-0.314997,2.22478,-1.61021,-0.212701,1.39394,-1.92622e-05,-0.000585785,-0.00177262,0.000104809,0.0056021,-0.00607515,-5.98575e-07
727,0.170637,0.832639,-0.314997,2.2247,-1.61028,-0.212622,1.39394,-0.0007612,0.00049567,-0.00313888,-1.96191e-05,-3.89086e-06,3.82762e-06,-0.00118543
737,0.170637,0.832612,-0.314952,2.22461,-1.61036,-0.212543,1.39404,-0.00235137,-0.000210319,-0.000332852,-7.26941e-05,-0.00617018,0.0056962,0.0116066
9,0.892156,0.948815,-0.00332968,2.31486,-1.44645,0.0483125,1.39394,-1.89457e-05,0.000517962,0.00551983,0.00633045,-0.00393985,0.00343315,0.00639492
19,0.892156,0.948815,-0.00332968,2.31486,-1.44645,0.0483125,1.39384,-0.00159019,-2.99729e-05,0.00236796,-0.00463831,-0.00518813,0.00518806,-0.000752973
29,0.892156,0.948815,-0.00332968,2.31503,-1.44637,0.0482334,1.39384,-0.000787333,-0.00185823,0.00355672,0.00257803,0.00583229,-0.00583229,-0.00233158
39,0.892156,0.948842,-0.0033753,2.31512,-1.44645,0.0483125,1.39394,-0.00170858,0.000487032,-0.000818154,0.00630477,-0.000579466,-0.00057722,0.00727139
49,0.892156,0.948842,-0.0033753,2.3152,-1.44645,0.0483125,1.39384,-0.000268644,-0.000130599,-0.000219624,0.00105987,-0.00403659,0.0028797,-0.000786474
59,0.892156,0.948842,-0.0033753,2.31529,-1.44637,0.0482334,1.39394,-1.84212e-05,-0.000525696,0.000744522,0.000757818,0.00442169,-0.00724354,0.000414651
69,0.892156,0.948869,-0.00342091,2.31537,-1.44645,0.0483125,1.39394,-3.0908e-06,0.000615714,-0.00569521,2.26863e-05,-0.000105124,9.13746e-05,0.00721769
79,0.892156,0.948869,-0.00332968,2.31537,-1.44637,0.0483916,1.39384,-4.13212e-10,0.00199672,0.00336349,-0.000623226,0.002344,0.00932192,-0.00724414
89,0.892119,0.948842,-0.0033753,2.31537,-1.44645,0.0483125,1.39384,-0.000176677,-3.86404e-07,-6.47953e-07,-1.76695e-05,-0.00734059,0.000226679,-0.00542785
99,0.892083,0.948787,-0.0033753,2.31537,-1.44637,0.0482334,1.39394,-0.00269432,0.000707686,0.0023192,-2.36225e-09,0.00487054,-0.00487149,0.00127052
109,0.892083,0.947946,-0.0041507,2.31537,-1.44637,0.0482334,1.39384,-3.60206e-07,-0.0228169,-0.0242251,0.0015205,4.31947e-05,-4.31949e-05,-0.00453603
119,0.891316,0.94276,-0.00702426,2.31512,-1.44629,0.0481543,1.39384,-0.0198334,-0.0953806,-0.0310695,-8.97001e-05,-0.0036612,-0.00369765,-0.00461218
129,0.88865,0.932416,-0.0127258,2.31512,-1.44629,0.0481543,1.39384,-0.032441,-0.148713,-0.108793,-6.18079e-05,-0.00583173,0.00583075,-0.0044738
139,0.88591,0.919465,-0.0251779,2.31512,-1.44613,0.0481543,1.39384,-0.0426293,-0.166334,-0.147797,-0.00371753,0.0100111,0.00165528,-0.00182797
149,0.881674,0.905402,-0.0357599,2.31503,-1.44621,0.0480753,1.39384,-0.0549926,-0.18616,-0.131321,-0.00105646,0.00583077,-0.00583301,-0.000671417
159,0.876707,0.890252,-0.047619,2.31512,-1.44621,0.0480753,1.39394,-0.0674178,-0.187904,-0.162217,0.00169785,-0.00712801,0.000243082,0.00540988
169,0.870498,0.873772,-0.0603448,2.3152,-1.44621,0.0480753,1.39384,-0.0876017,-0.210856,-0.140896,0.00649092,0.00140993,0.00141091,-0.00447504
179,0.860381,0.856694,-0.0703339,2.3152,-1.44645,0.0478381,1.39384,-0.142834,-0.219436,-0.114674,0.00252526,-0.0119574,-0.0149866,-0.00719351
189,0.845917,0.83959,-0.0788177,2.3152,-1.44653,0.0479171,1.39384,-0.206083,-0.211423,-0.0961542,0.00012552,-0.00296029,-0.00175422,-0.0072753
199,0.82667,0.822675,-0.0841543,2.3152,-1.44677,0.0479962,1.39384,-0.26444,-0.209257,-0.0522106,0.00371015,-0.00233906,0.00153534,-0.0049117
209,0.804171,0.80701,-0.0870279,2.31529,-1.44724,0.0479962,1.39384,-0.28877,-0.190673,-0.031218,7.3188e-05,-0.00474846,-0.00204231,-0.00199012
219,0.780979,0.792159,-0.0875296,2.31529,-1.44811,0.047759,1.39384,-0.290085,-0.187975,0.00380982,-0.000727913,-0.0184933,-0.0180351,-5.55541e-05
229,0.758627,0.776221,-0.0873928,2.31529,-1.44835,0.0475218,1.39394,-0.273417,-0.205567,0.000446199,-0.000730939,-0.00475434,-0.00456004,0.00572213
239,0.736968,0.758411,-0.0871191,2.31554,-1.45214,0.0442008,1.39394,-0.265282,-0.227827,-0.00641202,0.00303178,-0.0882727,-0.0717832,0.00541559
249,0.714032,0.739976,-0.0871647,2.31776,-1.4572,0.0405635,1.39394,-0.297314,-0.226809,0.00245404,0.048143,-0.01679,0.00895764,0.00750888
259,0.687735,0.722654,-0.087256,2.32253,-1.45807,0.0408007,1.39394,-0.35061,-0.206578,0.00101441,0.0686386,-0.00530541,0.00278356,0.00525586
269,0.658626,0.706934,-0.0880314,2.32534,-1.45965,0.0395356,1.39384,-0.366167,-0.193575,-0.0156582,0.0228782,-0.0239066,-0.0233728,-0.00089153
279,0.628567,0.691703,-0.0879858,2.32551,-1.46598,0.0349495,1.39384,-0.379621,-0.1943,0.00992577,1.73187e-05,-0.141725,-0.111007,-0.000372018
289,0.599385,0.676798,-0.088305,2.32551,-1.47697,0.026647,1.39384,-0.346106,-0.18838,-0.00933417,2.31535e-09,-0.097368,-0.0694801,-0.000134936
299,0.57254,0.661268,-0.0881226,2.32551,-1.49057,0.0157352,1.39394,-0.332281,-0.198992,0.0190264,0.000255411,-0.143906,-0.0847293,0.00636074
309,0.54617,0.644869,-0.0880314,2.32543,-1.5071,0.00869783,1.39384,-0.332323,-0.207177,-0.00492083,-0.00011392,-0.233883,0.014744,-6.20327e-05
319,0.519691,0.628416,-0.0882138,2.32543,-1.51785,0.00253028,1.39384,-0.330935,-0.200586,0.0019304,-0.00458896,-0.0685371,-0.0218976,-0.00723582
329,0.49281,0.614271,-0.0884419,2.32551,-1.52006,0.00205585,1.39384,-0.339192,-0.160308,-0.0053944,0.00072933,-0.0206812,0.0134666,-0.00657223
339,0.464066,0.604307,-0.0883963,2.32551,-1.52346,0.00229306,1.39384,-0.370433,-0.104058,0.00298486,1.7679e-05,-0.0458596,-0.00222231,-0.000878436
349,0.434372,0.598524,-0.0879858,2.32543,-1.53406,0.000237214,1.39384,-0.377538,-0.0567983,0.0182992,-0.000890797,-0.172122,0.00699312,-0.000363333
359,0.403875,0.595185,-0.086663,2.32534,-1.5422,0.00284656,1.39384,-0.377218,-0.0420261,0.0163849,-0.000328221,-0.0850963,-0.0151306,-0.00219644
369,0.373013,0.591981,-0.0849297,2.32526,-1.56039,0,1.39394,-0.386386,-0.0471802,0.0245723,-0.00374027,-0.328154,-0.0143735,0.00744942
379,0.342078,0.587773,-0.0816001,2.32517,-1.58032,0.000632569,1.39394,-0.393317,-0.052072,0.0297532,0.000246947,-0.289195,-0.0452418,0.0102168
389,0.310741,0.583021,-0.0817369,2.32458,-1.59479,0.00656291,1.39384,-0.381437,-0.0608788,-0.0380705,-0.0105639,-0.143182,0.0511419,-0.00196022
399,0.279221,0.578243,-0.0821018,2.32441,-1.60839,0.0147863,1.39384,-0.405268,-0.0534426,0.0226355,-0.00734443,-0.0986114,0.032487,-0.000950708
409,0.245473,0.576071,-0.0811896,2.32177,-1.62555,0.0169212,1.39384,-0.427572,-0.00383557,-0.00173253,-0.0675328,-0.199827,-0.0744638,-0.000886189
419,0.211288,0.576261,-0.0813264,2.31307,-1.64191,0.0287028,1.39394,-0.421418,0.00203948,-0.000179507,-0.147188,-0.255915,0.144417,0.0075793
429,0.177321,0.576261,-0.0813264,2.29714,-1.66745,0.0321029,1.39384,-0.423559,-5.32875e-06,-9.43435e-06,-0.234645,-0.269682,0.0366324,-1.01463e-05
439,0.14529,0.576587,-0.0815088,2.27583,-1.69062,0.034396,1.39384,-0.386277,0.0077132,-0.0046295,-0.239176,-0.337473,-0.0780987,-0.00183286
449,0.116546,0.578053,-0.0814176,2.26399,-1.70264,0.037717,1.39384,-0.354172,0.0317137,0.00463122,-0.0810276,-0.0813822,-0.00134611,-7.31544e-05
459,0.0887517,0.583401,-0.0814632,2.26279,-1.7077,0.0418287,1.39384,-0.344839,0.0847371,-0.00257795,-0.005401,-0.0654727,0.0781152,-9.78008e-09
469,0.0605192,0.594044,-0.0832877,2.26288,-1.70865,0.0429356,1.39384,-0.353196,0.154246,-0.0165139,1.32863e-06,0.00240053,-0.000189933,-8.68685e-06
479,0.0345146,0.608814,-0.0821018,2.26228,-1.70897,0.0429356,1.39384,-0.298978,0.200876,0.0357016,-0.00384737,-0.0105023,0.00598967,0.000181712
489,0.0156685,0.626489,-0.0795019,2.2622,-1.70968,0.042224,1.39384,-0.192973,0.226643,0.0241005,-0.000170679,-0.000689283,-0.00181082,-0.00214084
499,0.00405409,0.644435,-0.0793651,2.26185,-1.70968,0.0419077,1.39384,-0.108449,0.223879,-0.00254014,-0.00735689,0.000624673,-0.00514175,-2.86211e-07
509,-0.00076699,0.66287,-0.0790458,2.26151,-1.70928,0.0418287,1.39384,-0.0346805,0.235026,0.00372143,-0.00276916,0.00398398,-0.000356093,-3.82638e-11
519,-0.00211835,0.682146,-0.0761266,2.26109,-1.70865,0.0411961,1.39384,-0.00543681,0.247343,0.0571045,-0.00410049,0.00798475,0.000856723,-0.000898735
529,-0.00226445,0.701504,-0.0690567,2.26041,-1.70889,0.0409589,1.39384,-1.295e-05,0.239769,0.119504,-0.013141,-0.00592045,-0.0059214,-0.000424916
539,-0.00230097,0.721378,-0.0563766,2.25538,-1.70881,0.0408798,1.39384,-0.00267596,0.250445,0.164836,-0.0961711,-0.00430839,0.00263577,-0.000307974
549,-0.00230097,0.741198,-0.0458858,2.24251,-1.70873,0.041117,1.39404,-0.00262627,0.245814,0.112453,-0.183134,-0.000320881,0.00398189,0.014704
559,-0.00230097,0.76023,-0.0410965,2.2287,-1.70897,0.0415124,1.39394,-0.000176148,0.233202,0.04293,-0.156613,-0.0024628,0.0113076,0.0068252
569,-0.00226445,0.775896,-0.0392264,2.21984,-1.70912,0.0418287,1.39394,5.63366e-05,0.167612,0.0172266,-0.0425153,-0.00605095,0.0104525,0.00757712
579,-0.00226445,0.785398,-0.0377668,2.21976,-1.70912,0.0418287,1.39384,4.36142e-06,0.0916926,0.0115527,0.00259176,0.000142806,-6.26103e-05,-5.31804e-05
589,-0.00226445,0.790665,-0.0387703,2.21993,-1.70904,0.0419077,1.39384,4.48631e-05,0.054607,-0.0178926,0.00363284,0.000956778,0.000877146,-0.00183325
599,-0.00230097,0.795308,-0.0393632,2.22095,-1.70904,0.0420659,1.39384,-0.00266839,0.0629692,0.00652422,0.0108311,-0.000138689,0.00104045,-0.00895505
609,-0.00226445,0.800168,-0.0391352,2.22163,-1.70936,0.0423821,1.39384,3.61033e-06,0.0599837,0.00446197,0.000745544,-0.0156969,0.0144149,-0.00214583
619,-0.00226445,0.803969,-0.0382229,2.22299,-1.70936,0.0423821,1.39394,4.82669e-10,0.0516379,-0.0086148,0.0346889,-0.00273853,-0.00891874,0.00757935
629,-0.00226445,0.807824,-0.0391352,2.22529,-1.70984,0.0431729,1.39384,6.45284e-14,0.0548522,-0.020974,0.0241125,-0.0150436,0.0151144,-0.00449934
639,-0.00226445,0.811164,-0.0398194,2.22564,-1.71007,0.0434101,1.39394,8.62686e-18,0.0264016,-0.00294955,0.00887604,0.00352965,-0.00475142,0.0068269
649,-0.00226445,0.811381,-0.0399106,2.2264,-1.70968,0.0430147,1.39384,1.15333e-21,0.00523871,-0.00206132,0.00925609,0.00533676,-0.00835304,0.00258671
659,-0.00226445,0.811598,-0.0399106,2.22717,-1.70952,0.0428566,1.39384,1.5419e-25,-0.0011889,0.00258427,0.00794641,-0.0035066,0.0035062,3.45819e-07
669,-0.00226445,0.811571,-0.039865,2.22708,-1.70976,0.0429356,1.39384,2.06138e-29,-0.00105574,0.00106074,-0.00628279,-0.00353548,0.00157601,-0.00181222
679,-0.00226445,0.811571,-0.039865,2.22708,-1.70976,0.0429356,1.39384,2.75587e-33,-1.61039e-05,-2.66756e-05,0.000103839,0.00527413,-0.00518141,-0.000789648
689,-0.00226445,0.811571,-0.039865,2.22708,-1.7096,0.0429356,1.39384,3.68435e-37,-6.77085e-05,0.00178746,1.38824e-08,0.00040964,-0.000400342,0.00478099
699,-0.00226445,0.811571,-0.039865,2.22708,-1.70968,0.0430147,1.39384,4.92564e-41,-0.000696659,0.00117377,1.85595e-12,0.00365902,0.00438238,0.000139348
709,-0.00226445,0.811598,-0.0399106,2.22708,-1.70968,0.0430147,1.39373,6.58514e-45,0.00200283,-0.00336475,2.48123e-16,0.00024411,0.011302,-0.00542991
719,-0.00226445,0.811598,-0.0399106,2.22708,-1.70952,0.0428566,1.39384,8.80372e-49,0.00017337,-0.000403335,-0.000122281,0.0075081,-0.00416455,-1.81328e-06
729,-0.00226445,0.811571,-0.039865,2.22708,-1.7096,0.0427775,1.39384,1.17698e-52,-0.00232885,0.00214591,-2.97017e-06,1.84165e-06,-0.0116607,0.00522336
739,-0.00226445,0.811598,-0.0399106,2.22708,-1.7096,0.0429356,1.39384,1.57351e-56,0.00120393,-0.00202284,-3.97085e-10,-0.000103809,0.000106056,-0.00447605
749,-0.00226445,0.811571,-0.039865,2.22708,-1.7096,0.0429356,1.39384,2.10364e-60,-0.00197052,0.00330276,-0.000735132,-0.000334071,0.000139832,0.000253999
759,-0.00226445,0.811598,-0.0399106,2.22717,-1.70952,0.0428566,1.39384,2.81238e-64,-8.09736e-05,-0.00410766,0.00474735,0.00215101,-0.00215103,-1.22138e-05
769,-0.00226445,0.811625,-0.039865,2.22708,-1.70952,0.0428566,1.39384,3.75989e-68,0.00200287,0.00336428,-0.0044396,-0.00696562,8.05159e-05,-5.17255e-05
779,-0.00226445,0.811598,-0.0399106,2.22717,-1.70928,0.0429356,1.39384,5.02663e-72,-3.8559e-07,-6.47862e-07,0.00587299,0.0112232,0.00402909,0.00440722
8,-0.00208183,0.209626,-0.054324,3.08441,-1.68082,0.0764618,1.39384,-3.08654e-06,0.000808853,0.00136863,-0.00624087,-0.00150623,-0.00984032,-0.00222892
18,-0.00204531,0.209626,-0.054324,3.08441,-1.68066,0.07662,1.39394,0.00269442,4.71193e-05,7.91617e-05,-0.000158556,0.0108416,0.00392202,0.000318796
28,-0.00208183,0.209626,-0.054324,3.08449,-1.68074,0.0765409,1.39394,-5.18661e-07,0.000114742,8.07066e-05,0.00401109,4.99699e-05,4.11542e-05,0.000147455
38,-0.00208183,0.209626,-0.054324,3.08449,-1.68074,0.0765409,1.39394,-6.93402e-11,0.00118204,0.00225922,0.000882073,-0.00403699,0.00284799,0.000803043
48,-0.00208183,0.209626,-0.054324,3.08449,-1.68074,0.0765409,1.39394,-9.27015e-15,0.000200998,0.000337712,0.00375624,-0.00501655,0.00501091,0.00679593
58,-0.00208183,0.209626,-0.054324,3.08441,-1.68074,0.0765409,1.39394,-1.23933e-18,1.3693e-05,2.30042e-05,0.00369067,0.00186772,0.00214291,0.00229803
68,-0.00208183,0.209626,-0.054324,3.0839,-1.68082,0.0764618,1.39384,-1.65688e-22,-0.00094974,-0.00226271,-0.00955015,-2.0706e-05,-2.06692e-05,-0.00723688
78,-0.00208183,0.209599,-0.0542784,3.08347,-1.68097,0.0763037,1.39394,-2.21509e-26,0.000960291,0.00235489,-0.00755624,-0.0055637,-0.00575794,0.00229858
88,-0.00208183,0.20949,-0.0541872,3.08313,-1.68121,0.0759083,1.39404,-2.96138e-30,-0.00127205,0.00208939,-0.00752663,0.00782623,0.000137089,0.00980363
98,-0.00208183,0.20949,-0.0542784,3.07947,-1.68105,0.0759083,1.39384,-3.95909e-34,-0.00104837,-0.00385166,-0.0708127,-0.00471669,0.00474041,-0.00643687
108,-0.00204531,0.209436,-0.0541872,3.06873,-1.68097,0.0758293,1.39384,0.00269405,-0.000856049,0.00540473,-0.173244,-9.58677e-05,-9.84086e-05,-0.00259461
118,-0.00208183,0.209354,-0.0542328,3.04964,-1.68105,0.0759083,1.39384,-5.18705e-07,-0.000156202,-0.00020251,-0.262458,-0.00917874,0.00229353,-0.0115833
128,-0.00208183,0.209354,-0.0542328,3.02671,-1.68105,0.0759083,1.39384,-4.48634e-05,-0.00243982,-0.000127309,-0.310646,-0.000504841,1.66203e-05,-0.0075146
138,-0.00204531,0.209409,-0.0542328,3.00251,-1.68097,0.0759874,1.39394,0.00269314,0.00132271,-0.00204374,-0.306791,0.00233148,0.00933497,0.00666772
148,-0.00208183,0.209436,-0.0542784,2.97916,-1.6809,0.0759083,1.39394,-5.18824e-07,0.00132108,-0.00210417,-0.282339,0.0102847,-0.00283871,0.000468464
158,-0.00208183,0.209409,-0.0542328,2.95598,-1.68113,0.0759874,1.39394,-6.93621e-11,-0.00191499,0.00321719,-0.287647,-0.0101709,0.0015998,6.26293e-08
168,-0.00208183,0.209436,-0.0542784,2.93263,-1.68105,0.0760665,1.39394,-9.27308e-15,9.43241e-05,-0.000161626,-0.282333,0.00142157,0.0100359,-6.57437e-05
178,-0.00208183,0.209463,-0.0542328,2.91115,-1.68105,0.0759083,1.39404,-1.23973e-18,0.00127424,0.00447684,-0.240272,-0.00290625,-0.000599303,0.000809076
188,-0.00208183,0.209409,-0.0542328,2.90093,-1.68121,0.0757502,1.39425,-0.00159757,-0.000936061,-0.000441898,-0.047367,-0.0077781,-0.00753207,0.00777215
198,-0.00208183,0.209029,-0.0540503,2.90093,-1.68129,0.0751967,1.39415,-0.00159023,-0.00930535,-0.000458245,-4.62727e-05,-0.0022116,-0.00412099,-0.0074485
208,-0.00204531,0.207264,-0.0525451,2.90093,-1.68105,0.0748013,1.39435,0.00267602,-0.029142,0.0298386,-6.18624e-09,0.0118124,-0.00342639,0.00758179
218,-0.00208183,0.204603,-0.0526364,2.90084,-1.68145,0.0742478,1.39425,-8.05578e-06,-0.036952,0.000654578,-0.00628702,-0.00127263,-0.0019793,0.00630172
228,-0.00208183,0.202078,-0.0515873,2.90084,-1.6824,0.0734571,1.39415,-0.00175338,-0.0144797,0.00756591,-0.00105476,-0.0201393,-0.0219468,4.13978e-05
238,-0.00204531,0.202594,-0.0509943,2.89939,-1.68208,0.0731408,1.39404,0.00159035,0.0157595,0.0133048,-0.0387187,0.0104269,-0.00354932,-3.59125e-05
248,-0.00204531,0.203463,-0.0509943,2.8884,-1.68192,0.0729827,1.39404,0.0026861,0.00138106,-6.44943e-06,-0.181137,0.00127934,-8.92593e-05,5.17181e-05
258,-0.00208183,0.203789,-0.0510856,2.86982,-1.68184,0.0732199,1.39415,-1.78549e-06,0.009136,0.00141011,-0.250482,0.000969169,0.0109141,0.0075795
268,-0.00208183,0.205363,-0.0509031,2.84928,-1.68176,0.0731408,1.39404,-3.08819e-06,0.0311091,0.00511484,-0.257484,-0.00512781,0.0051294,-0.00232424
278,-0.00208183,0.209762,-0.0499909,2.82636,-1.68184,0.0732199,1.39415,-1.83857e-05,0.0554641,0.0302076,-0.298346,-0.00440331,0.00555991,5.74425e-05
288,-0.00208183,0.214567,-0.0474822,2.79969,-1.68176,0.0731408,1.39415,-0.00031634,0.0577016,0.0636265,-0.366477,0.00386708,0.000134666,0.000437647
298,-0.00204531,0.218667,-0.0410509,2.77011,-1.68042,0.0719548,1.39445,0.0026747,0.0517791,0.0788542,-0.384515,0.043386,-0.0412262,0.00439415
308,-0.00204531,0.223038,-0.0377212,2.7402,-1.67133,0.0627034,1.39476,0.000433649,0.0616664,0.0263301,-0.367493,0.186087,-0.199361,0.00136379
318,-0.00204531,0.228251,-0.03316,2.71037,-1.66192,0.0536103,1.39507,0.000403815,0.0655226,0.0820646,-0.370382,0.194696,-0.181853,0.00350803
328,-0.00208183,0.235066,-0.0289181,2.68191,-1.65638,0.047759,1.39538,-0.000780353,0.0882255,0.0570338,-0.338099,-0.00281442,-0.00434169,0.0108489
338,-0.00204531,0.240034,-0.0258621,2.65447,-1.65646,0.0478381,1.39548,0.000129903,0.00717441,0.00805991,-0.331539,-0.00716637,0.00735418,0.000397062
348,-0.00204531,0.232161,-0.0261357,2.62822,-1.65622,0.0479171,1.39599,1.06407e-05,-0.184106,0.000375009,-0.302135,0.0058676,0.00391005,0.0169599
358,-0.00204531,0.21473,-0.0268655,2.60376,-1.65607,0.0480753,1.39661,0.000383753,-0.233265,0.0042013,-0.28195,0.00853169,0.00460102,0.0111853
368,-0.00204531,0.197707,-0.0278234,2.58271,-1.65528,0.0487078,1.39846,0.00199204,-0.192991,-0.0235671,-0.231442,0.00842865,0.00833923,0.0117076
378,-0.00204531,0.186358,-0.0276409,2.56754,-1.6552,0.0489451,1.39877,0.000312196,-0.113277,0.0106459,-0.168222,-0.00481953,0.00556548,0.000556583
388,-0.00204531,0.181145,-0.0270024,2.55399,-1.65504,0.0491032,1.39897,4.17378e-08,-0.0369814,0.0125039,-0.180347,0.000586831,-0.000475162,0.00213491
398,-0.00204531,0.18101,-0.0267743,2.53235,-1.65528,0.0490241,1.39908,5.57996e-12,0.000727083,-0.0038842,-0.309323,-0.00238966,-0.00233452,1.5006e-05
408,-0.00204531,0.180983,-0.0265462,2.50201,-1.65559,0.0491823,1.39908,7.45989e-16,0.00479352,0.00540409,-0.413194,0.00214075,0.00254234,2.00617e-09
418,-0.00200878,0.18101,-0.0265006,2.4669,-1.65559,0.0491823,1.39918,1.92637e-05,-8.60873e-05,0.000151782,-0.45018,9.71174e-06,-3.60509e-06,0.00757998
428,-0.00200878,0.181227,-0.0267743,2.42983,-1.65559,0.0491823,1.39918,0.00161571,0.00544868,-0.00869054,-0.484831,0.00371034,-0.000936569,-0.00447127
438,-0.00200878,0.182313,-0.0267743,2.3919,-1.65551,0.0492613,1.39949,0.00257374,0.0227591,0.00154522,-0.456954,-0.00234089,0.00723473,0.00133275
448,-0.00204531,0.186603,-0.027048,2.36003,-1.65536,0.0489451,1.40052,-0.000270719,0.0768016,0.00345188,-0.364475,0.00206486,-0.00239334,0.0164489
458,-0.00204531,0.19635,-0.0270024,2.33762,-1.65472,0.0483125,1.40483,-0.000267154,0.151395,0.00475064,-0.235158,0.00440555,-0.0124277,0.0942887
468,-0.00204531,0.212803,-0.0259989,2.32117,-1.65354,0.0468101,1.40812,-0.000312018,0.235114,0.0235913,-0.21028,0.0343577,-0.0326505,0.00098389
478,-0.00200878,0.233084,-0.0228517,2.3014,-1.65014,0.0434101,1.40925,0.00107396,0.25658,0.0607764,-0.25085,0.119678,-0.112313,0.0175895
488,-0.00204531,0.253501,-0.0194764,2.28086,-1.64089,0.034475,1.41161,-0.000110187,0.25289,0.0415312,-0.241249,0.0931579,-0.0812736,0.018232
498,-0.00204531,0.27275,-0.0183361,2.26279,-1.63163,0.0252237,1.41521,-7.5358e-06,0.239198,0.0227167,-0.207166,0.0879976,-0.0695795,0.0282223
508,-0.00204531,0.291293,-0.018929,2.24924,-1.63076,0.0245121,1.41839,-1.00747e-09,0.23439,-0.00190556,-0.15167,0.00201267,-0.000831306,0.0474999
518,-0.00204531,0.311113,-0.0198413,2.24294,-1.62958,0.023326,1.41973,-1.34689e-13,0.253977,-0.00248309,-0.0549721,0.0316686,-0.0324489,-0.00049841
528,-0.00204531,0.3321,-0.0196132,2.24072,-1.61898,0.0127305,1.41963,-1.80067e-17,0.263494,0.00916974,-0.0156042,0.115836,-0.11631,-0.0073719
538,-0.00208183,0.353359,-0.0201149,2.23782,-1.60981,0.0035582,1.41963,-0.00175717,0.265679,-0.00124141,-0.0402938,0.0999415,-0.0999089,0.00764902
548,-0.00208183,0.375242,-0.020936,2.23518,-1.60791,0.00181864,1.41963,-7.76867e-06,0.276047,-0.031575,-0.0266046,0.00690449,-0.006088,0.00571117
558,-0.00208183,0.398129,-0.0224412,2.23339,-1.60681,0.000553498,1.41901,-1.0386e-09,0.294654,-0.00882971,-0.0443686,0.0216064,-0.015913,-0.00389426
568,-0.00211835,0.422673,-0.0236271,2.22547,-1.60111,-0.00545591,1.4186,-0.000267973,0.318152,-0.00762843,-0.131932,0.161454,-0.165327,-0.00959771
578,-0.00211835,0.448683,-0.023992,2.21209,-1.59558,-0.0109909,1.4185,-3.58255e-08,0.335005,0.00404195,-0.176168,0.0434365,-0.043437,-0.0075809
588,-0.00215488,0.476267,-0.0239007,2.20015,-1.5951,-0.0114653,1.4185,-0.00269438,0.351646,0.00214827,-0.119269,0.00684132,-0.00682247,-0.00118654
598,-0.00215488,0.504367,-0.0244025,2.197,-1.59455,-0.0118607,1.41839,-3.44823e-06,0.354481,-0.0144109,0.0048148,0.00582155,-0.0114612,-2.63104e-06
608,-0.0021914,0.532468,-0.0267287,2.197,-1.59439,-0.0120188,1.41767,0.000264935,0.348979,-0.034589,6.43695e-07,7.01273e-05,-0.00142153,-0.0139824
618,-0.00222792,0.559971,-0.0292374,2.197,-1.59415,-0.0124142,1.41757,-0.000185437,0.343725,-0.0251198,8.60561e-11,0.00237128,-0.000780697,-0.000471909
628,-0.00226445,0.586958,-0.0321565,2.19709,-1.59407,-0.0123351,1.41737,-0.000452606,0.33332,-0.0362701,0.00105602,-0.00417778,0.00296446,-0.00381187
638,-0.00230097,0.613402,-0.03763,2.19717,-1.59384,-0.0124142,1.41726,-2.3681e-05,0.329568,-0.083846,6.56261e-05,-0.00543696,0.00188972,0.00180949
648,-0.00237402,0.639846,-0.0436508,2.19751,-1.5936,-0.0126514,1.41716,-0.000453425,0.331242,-0.0727384,0.00654924,0.000495043,-0.000333533,-0.000904491
658,-0.00241054,0.665259,-0.0489418,2.19896,-1.59336,-0.0132049,1.41706,-2.20527e-06,0.311375,-0.0591195,0.0189026,0.00346058,-0.00829715,0.000355594
668,-0.00248359,0.688988,-0.0515873,2.20007,-1.5921,-0.0146282,1.41685,-0.00244037,0.282732,-0.0214974,0.0211773,0.0236164,-0.0255767,-0.00578935
678,-0.00252011,0.709106,-0.0516329,2.2039,-1.58656,-0.0206376,1.41706,-0.000415551,0.235302,0.00256946,0.0796398,0.0511253,-0.0535491,0.0068296
688,-0.00255663,0.724962,-0.050447,2.21038,-1.58561,-0.022219,1.41695,-0.000185526,0.178251,0.0162466,0.0921555,0.0203439,-0.0139878,0.005223
698,-0.00255663,0.738211,-0.0508119,2.21839,-1.58585,-0.0224562,1.41685,-0.00171738,0.159534,-0.00522539,0.0986096,-0.00805745,0.00313776,-1.04617e-05
708,-0.00259316,0.751868,-0.0504014,2.22564,-1.58617,-0.0227725,1.41695,-0.000664673,0.180546,0.0229145,0.0616007,0.000707505,-0.00636493,0.00763138
718,-0.00259316,0.766637,-0.0480295,2.22674,-1.58664,-0.0230888,1.41685,-8.88607e-08,0.183798,0.0359462,-0.00528573,-0.00886973,-0.0013772,0.000124756
728,-0.00259316,0.779887,-0.0447455,2.22683,-1.58664,-0.0230888,1.41685,-1.18799e-11,0.149428,0.041618,0.00451119,-1.1858e-06,-1.84119e-07,1.66787e-08
738,-0.00259316,0.790177,-0.0438788,2.22683,-1.58704,-0.0231679,1.41685,-1.58823e-15,0.112615,-0.00066937,4.64614e-05,-0.0046433,-0.000521664,2.22979e-12
748,-0.00259316,0.798104,-0.045156,2.22717,-1.58704,-0.0230097,1.41685,-2.12332e-19,0.0975845,-0.00431986,0.00847034,0.00521344,0.00719238,-0.00447142
758,-0.0026662,0.807091,-0.0458402,2.22768,-1.58727,-0.0226144,1.41685,-0.00269529,0.119453,0.00563136,0.00756559,-0.00624817,0.0108308,-5.97788e-07
768,-0.0026662,0.811924,-0.0469349,2.2287,-1.59067,-0.017791,1.41685,-0.00204209,0.00410501,-0.0163204,0.0339599,-0.0108281,0.0118861,0.00627589
778,-0.00284882,0.812005,-0.0469805,2.22913,-1.59028,-0.0173957,1.41665,-0.000717339,0.00318332,-0.0042189,0.00648142,0.00586951,0.0181223,-0.0143445
788,-0.00292187,0.812358,-0.0474822,2.22973,-1.59004,-0.0170003,1.41685,-0.000476274,0.00340555,0.00100884,0.00868483,0.00927692,0.00241551,0.00903189
798,-0.00292187,0.812467,-0.0476647,2.2299,-1.59044,-0.0162887,1.41675,-6.36734e-08,-0.000128886,0.000217428,0.0040445,-0.0106951,0.00191516,-0.00446571
808,-0.00292187,0.812494,-0.0477103,2.2299,-1.59083,-0.0157352,1.41685,-8.51256e-12,6.23751e-06,-1.04789e-05,0.00371089,-0.0114263,0.0121486,0.00126378
818,-0.00292187,0.812521,-0.0477559,2.2299,-1.59123,-0.0151817,1.41675,-1.13805e-15,0.00172304,-0.0028947,0.00371389,-0.00506123,-0.00180686,-0.00550799
828,-0.00292187,0.812548,-0.0478015,2.2299,-1.59154,-0.0147072,1.41685,-1.52147e-19,0.000622636,-0.00104603,5.35543e-05,-0.00177856,0.00579831,0.000900502
838,-0.00292187,0.812548,-0.0478015,2.2299,-1.59218,-0.0140747,1.41675,-2.03407e-23,0.000329294,-0.000233911,0.00179661,-0.0152835,0.00839777,0.000610224
848,-0.00292187,0.812575,-0.0477559,2.2299,-1.59581,-0.0107537,1.41675,-2.71936e-27,0.000641615,0.00101306,2.40191e-07,-0.0636378,0.0585319,-0.00153398
858,-0.00292187,0.812548,-0.0477103,2.2299,-1.59724,-0.00948854,1.41675,-0.00163494,-0.00124173,-0.00190399,3.21113e-11,-0.00756098,-0.00410597,-0.0018763
868,-0.00292187,0.812548,-0.0477103,2.2299,-1.59724,-0.00917226,1.41685,-0.00224956,-1.66008e-07,-2.54545e-07,-0.000255421,0.00463049,0.00751198,0.00494287
8,-1.35629,0.897284,-0.0219394,2.2633,-2.16639,0.290982,1.43586,-6.23879e-07,2.59853e-11,6.49838e-12,7.41967e-06,0.00287871,0.00590814,-0.00448255
18,-1.35629,0.897365,-0.0218938,2.2633,-2.16631,0.290903,1.43576,-0.00171806,0.00402906,3.89048e-05,4.28983e-05,-0.00323493,-0.00323833,-0.00758399
28,-1.35626,0.897311,-0.0218938,2.2633,-2.16615,0.291061,1.43596,0.000183986,-3.46457e-05,-1.09858e-05,-0.00371745,0.000496421,3.57971e-05,0.0116697
38,-1.35629,0.897338,-0.0218482,2.2633,-2.16608,0.29114,1.43596,-0.000818795,-0.000461841,0.00156805,-4.9699e-07,0.00850836,0.00168964,0.00757864
48,-1.35626,0.897311,-0.0218938,2.2633,-2.16623,0.29114,1.43586,0.00241835,-0.000291755,-0.000482117,-1.03672e-05,-0.0095492,-0.00210233,-9.71191e-05
58,-1.35626,0.897284,-0.0218482,2.2633,-2.16615,0.291219,1.43586,0.000267417,-0.00204284,0.00329783,-0.000255427,0.00724272,-0.00247656,0.000304374
68,-1.35626,0.897257,-0.0218938,2.2633,-2.16623,0.291298,1.43586,0.000268396,-0.00201193,-0.00334944,-3.41482e-08,0.00494559,-0.000454366,1.60692e-06
78,-1.35626,0.896768,-0.0218938,2.2633,-2.16655,0.291614,1.43586,7.57099e-06,-0.0136722,-0.00212688,-4.5653e-12,0.00232553,0.00746711,-0.000578269
88,-1.35608,0.893971,-0.0216658,2.26313,-2.16687,0.291773,1.43586,0.00610274,-0.0549977,0.0158469,-0.00476831,-0.00199258,-0.000837029,0.000142415
98,-1.35527,0.887048,-0.0197044,2.26305,-2.1671,0.29201,1.43586,0.0178868,-0.106813,0.020328,-3.04302e-05,-0.00808583,0.00391337,0.000868657
108,-1.35257,0.875971,-0.0190659,2.26305,-2.1671,0.29201,1.43586,0.0364423,-0.159038,0.00757085,-4.06823e-09,-0.00210349,-0.00208303,-0.00183679
118,-1.34826,0.861147,-0.0186097,2.26305,-2.16742,0.292168,1.43586,0.05564,-0.204407,0.0153792,2.95343e-06,-0.00326265,-0.00737567,-0.00175907
128,-1.34245,0.843689,-0.0182905,2.26305,-2.16742,0.292168,1.43586,0.0769358,-0.228732,0.0110667,0.00025541,-0.000342816,0.000536021,0.00447731
138,-1.33486,0.825526,-0.0171502,2.26313,-2.16734,0.292089,1.43586,0.101879,-0.228809,0.0226524,0.00451087,-0.00128329,-0.00141806,0.00183396
148,-1.32554,0.807498,-0.0172414,2.26313,-2.16726,0.29201,1.43586,0.124955,-0.227784,-0.00646929,0.0044559,-0.0106703,-0.00356859,2.45183e-07
158,-1.3159,0.788683,-0.0168309,2.26305,-2.16726,0.292168,1.43586,0.122815,-0.24443,0.0040119,-8.66034e-06,-0.000326931,0.000315462,-0.00447318
168,-1.30556,0.768647,-0.0161923,2.26305,-2.16726,0.292168,1.43596,0.133425,-0.258868,0.0144142,-1.15781e-09,-0.000786183,0.0020356,0.00650508
178,-1.2941,0.747877,-0.0155993,2.26305,-2.16726,0.29201,1.43586,0.146253,-0.264681,0.0176671,7.20433e-06,-0.00299345,-0.00176087,0.000315029
188,-1.28244,0.726537,-0.0124065,2.26313,-2.1675,0.291931,1.43586,0.14962,-0.266791,0.0421295,0.00466048,-0.00756935,-0.00395689,2.12432e-05
198,-1.26962,0.705333,-0.007526,2.26305,-2.16742,0.291694,1.43586,0.165776,-0.263825,0.0712389,-4.72802e-05,-0.00916768,-0.00941504,0.000256229
208,-1.25542,0.684943,-0.00100347,2.26313,-2.16734,0.29114,1.43576,0.19052,-0.247298,0.0989607,0.000131495,0.00199252,-0.0158018,-0.00574246
218,-1.23807,0.665721,0.00428754,2.26322,-2.16679,0.29027,1.43586,0.229701,-0.229572,0.0558173,0.000177385,-0.00074792,-0.0141831,-0.00257753
228,-1.21853,0.647611,0.00743477,2.2633,-2.16513,0.288452,1.43586,0.256732,-0.2246,0.0341565,-0.00139349,0.0387563,-0.0385675,-0.000768955
238,-1.19713,0.630072,0.00962415,2.26347,-2.16204,0.285526,1.43596,0.282939,-0.220433,0.0228486,0.00696199,0.0470913,-0.0271433,0.00757944
248,-1.17262,0.612208,0.0100803,2.26364,-2.15342,0.276433,1.43586,0.318611,-0.221769,0.00304991,0.00108666,0.187254,-0.198991,-2.26568e-05
258,-1.14537,0.594234,0.011175,2.26467,-2.13888,0.261251,1.43576,0.356212,-0.221523,0.0177916,0.0151765,0.226781,-0.25491,-0.00757856
268,-1.11582,0.576505,0.0132275,2.26663,-2.12259,0.24433,1.43586,0.381522,-0.218641,0.0203107,0.0165482,0.175006,-0.194309,0.000761354
278,-1.08573,0.559156,0.0167396,2.26901,-2.1048,0.226697,1.43586,0.360792,-0.208382,0.0509955,0.029798,0.258631,-0.26519,0.00287697
288,-1.05636,0.542839,0.020343,2.26978,-2.09009,0.212148,1.43586,0.369334,-0.19507,0.0307865,0.000214738,0.148248,-0.148908,5.72316e-05
298,-1.0247,0.527825,0.0205711,2.27012,-2.07475,0.197124,1.43586,0.411308,-0.175877,-0.0181386,0.00752509,0.198009,-0.186733,0.00216586
308,-0.991646,0.515608,0.0207535,2.27097,-2.05569,0.178859,1.43586,0.40394,-0.135059,0.0162307,0.0180926,0.268054,-0.258526,0.00447697
318,-0.957752,0.506431,0.0210272,2.27754,-2.0383,0.163203,1.43576,0.431146,-0.103492,-0.00318285,0.132899,0.202623,-0.161827,-0.00726741
328,-0.923055,0.500675,0.0206623,2.29185,-2.01916,0.1515,1.43586,0.433319,-0.0502661,0.0030897,0.198267,0.26688,-0.140604,0.00453555
338,-0.88613,0.499508,0.0205254,2.30821,-2.00319,0.143435,1.43586,0.479578,0.000398371,0.00121216,0.196785,0.254102,-0.0793494,0.00496842
348,-0.844858,0.499752,0.0202062,2.321,-1.97773,0.148338,1.43576,0.527567,0.00310347,-0.00245545,0.126057,0.356753,-0.0315018,-0.00788609
358,-0.797268,0.499806,0.0202974,2.32441,-1.93788,0.149128,1.43586,0.632598,0.00031297,0.000505943,0.00263562,0.530045,-0.0143891,5.82673e-05
368,-0.746574,0.500051,0.0200693,2.32441,-1.90917,0.14731,1.43586,0.638737,0.0101842,-0.00762134,3.52359e-07,0.204804,-0.0758231,-0.000308293
378,-0.692446,0.500729,0.0196588,2.32449,-1.89494,0.144463,1.43586,0.680821,0.00653343,-0.00272243,0.00536217,0.163293,0.0419055,0.000286662
388,-0.636821,0.501299,0.020343,2.32441,-1.88395,0.136319,1.43586,0.691726,0.00904156,0.014964,-0.000281535,0.129631,-0.095638,0.000307971
398,-0.582876,0.502901,0.0214833,2.32432,-1.87011,0.128333,1.43586,0.687586,0.0275707,0.0127121,-0.00257657,0.281396,-0.163319,0.000311614
408,-0.528347,0.50673,0.0222587,2.32415,-1.84228,0.126909,1.43576,0.666692,0.0552046,0.00392121,-0.000459957,0.34514,-0.0528744,-0.00310623
418,-0.476301,0.511671,0.0236271,2.32373,-1.81563,0.126356,1.43586,0.624058,0.0674545,0.0188286,-0.00427269,0.262791,0.0513022,0.00216847
428,-0.426958,0.517562,0.0263182,2.32279,-1.78274,0.12857,1.43586,0.624605,0.0786618,0.0370872,-0.0147531,0.526331,0.129485,0.000781424
438,-0.376848,0.524214,0.0283707,2.32015,-1.74067,0.12857,1.43576,0.617583,0.0831842,0.0169072,-0.0324584,0.539191,-0.0362236,-0.00572543
448,-0.327468,0.531762,0.0306513,2.31912,-1.68864,0.12936,1.43586,0.598772,0.107405,0.0598211,-0.0119478,0.784592,0.0737501,0.00182997
458,-0.280901,0.541862,0.0348477,2.31716,-1.61914,0.137188,1.43586,0.580949,0.138712,0.0403726,-0.0460751,0.92317,0.114957,2.4465e-07
468,-0.236562,0.554894,0.0382229,2.31043,-1.55225,0.14557,1.43586,0.532511,0.175137,0.0502595,-0.113175,0.830948,0.0826531,-0.000126203
478,-0.19624,0.571238,0.0421456,2.29748,-1.481,0.15751,1.43586,0.481387,0.218564,0.045789,-0.172623,0.906576,0.204179,0.00307959
488,-0.163588,0.590406,0.0472541,2.28043,-1.41197,0.171189,1.43586,0.376323,0.250475,0.0571021,-0.226067,0.793185,0.169704,0.00018213
498,-0.135429,0.611339,0.049854,2.2616,-1.34603,0.183208,1.43586,0.334627,0.267254,0.0185103,-0.229151,0.750198,0.267553,-0.00447323
508,-0.111761,0.633792,0.0494435,2.24737,-1.28862,0.191589,1.43586,0.261954,0.290723,-0.00186105,-0.130355,0.716032,0.178096,0.00339077
518,-0.0947781,0.658824,0.0497172,2.24362,-1.24632,0.201631,1.43586,0.178356,0.326574,0.00252398,0.000143123,0.442408,0.054471,0.000130216
528,-0.0835654,0.686789,0.0501733,2.24353,-1.20338,0.210408,1.43586,0.118837,0.356048,0.0166746,-0.00475896,0.570173,0.0674079,1.74087e-08
538,-0.0757129,0.715487,0.0493067,2.24285,-1.1565,0.212385,1.43586,0.0839355,0.353404,-0.0156689,-0.0135172,0.53676,-0.0619614,-0.00447698
548,-0.0693213,0.742555,0.0497172,2.23765,-1.11941,0.21626,1.43586,0.0857882,0.32947,0.00917839,-0.109488,0.408079,-0.0149301,-0.00183379
558,-0.0628932,0.766067,0.0509031,2.22666,-1.08683,0.217209,1.43586,0.0889788,0.280485,0.0284287,-0.138866,0.429207,-0.108633,-0.000751786
568,-0.0541276,0.786484,0.0527276,2.21294,-1.05157,0.218632,1.43586,0.123839,0.23304,0.0192964,-0.182468,0.41447,0.131585,-0.00661441
578,-0.044595,0.801824,0.0550538,2.20322,-1.01195,0.216813,1.43586,0.112755,0.163351,0.0216928,-0.0706753,0.432185,0.096651,-7.37963e-05
588,-0.0370347,0.810974,0.0554643,2.20288,-1.00136,0.220925,1.43576,0.0817906,0.0921173,0.00103674,0.00102751,0.154409,0.0793459,-0.00789605
598,-0.0330171,0.815589,0.0556468,2.20288,-0.992027,0.228516,1.43586,0.0339458,0.0327974,0.00140852,0.000255597,0.0740349,-0.0314382,0.000446275
608,-0.0315197,0.816132,0.055738,2.20288,-0.990129,0.227251,1.43576,0.00494898,0.00786618,-0.0063189,0.000360121,0.0126332,-0.0109762,-0.00802364
618,-0.0315197,0.817327,0.0541872,2.20322,-0.984831,0.22132,1.43576,0.000110125,0.0139521,-0.00670665,0.00321657,0.0398511,-0.0579046,-1.33216e-05
628,-0.0315197,0.817951,0.054324,2.20322,-0.983804,0.220134,1.43586,1.83995e-05,0.00630426,0.00299405,-0.00189768,-0.00494025,-0.0074816,0.00574639
638,-0.0315197,0.818603,0.0547801,2.20322,-0.983804,0.219976,1.43586,7.53767e-06,0.00953773,0.00361202,-1.04126e-05,0.00531476,-0.00816511,6.11748e-05
648,-0.0315197,0.818956,0.054917,2.20314,-0.983408,0.219423,1.43586,1.00772e-09,0.00142101,0.00120275,-7.26993e-05,0.00447537,-0.00808717,0.00447342
658,-0.0315197,0.819037,0.0549626,2.20322,-0.983408,0.219423,1.43586,1.34723e-13,1.42244e-05,-8.15186e-06,0.00152225,-0.00260581,0.00211801,5.98056e-07
668,-0.0315197,0.819091,0.0549626,2.20322,-0.983329,0.219185,1.43586,1.80112e-17,0.000138525,-0.000230525,0.00585449,0.00617925,-0.00609561,0.000307907
678,-0.0315197,0.819091,0.0549626,2.20314,-0.983487,0.219185,1.43576,2.40793e-21,9.59431e-07,1.54991e-06,-0.00554057,-0.00599682,0.00566771,-0.00757945
688,-0.0315562,0.819091,0.0549626,2.20322,-0.983487,0.219027,1.43586,-0.00242712,1.28267e-10,2.07209e-10,0.000123553,-0.00447802,-0.00742783,1.4592e-06
698,-0.0315197,0.819064,0.0550082,2.20322,-0.983566,0.218948,1.43586,0.000425028,0.000380539,0.00339731,1.65179e-08,0.00685722,-3.41125e-05,2.47552e-05
708,-0.0315197,0.819037,0.0549626,2.20322,-0.983487,0.218869,1.43586,0.00269225,-0.000262051,0.000392672,2.2083e-12,0.00491221,-0.00207574,3.56341e-06
718,-0.0315562,0.819037,0.0549626,2.20322,-0.983645,0.218869,1.43586,4.43318e-05,-1.60015e-05,2.68761e-05,2.95229e-16,-0.000175224,-4.12538e-05,0.000177906
728,-0.0315562,0.819064,0.0550082,2.20322,-0.983804,0.218869,1.43586,5.92675e-09,0.00318479,0.00137905,3.94694e-20,-0.00468671,0.00415741,0.00522424
738,-0.0315562,0.819037,0.0549626,2.20322,-0.983804,0.218869,1.43586,7.92353e-13,0.000565577,-0.000951463,5.2767e-24,-0.000815851,0.00081578,2.18956e-05
748,-0.0315562,0.81901,0.0550082,2.20322,-0.983804,0.218869,1.43586,1.0593e-16,-0.00190681,0.00320343,7.05447e-28,-0.0054574,0.0054574,3.56381e-06
10,1.4499,0.950064,-0.122925,2.04505,-3.37239,-0.00774898,1.43596,0.00239957,-0.000293954,0.000221055,0.00245407,-0.000253314,-0.000253303,0.00573643
20,1.4499,0.950064,-0.122925,2.04497,-3.37239,-0.00774898,1.43586,0.000297714,-8.14092e-05,0.000136731,-0.00397455,0.00344243,-0.0034425,-0.000204379
30,1.44987,0.950009,-0.123016,2.04497,-3.37239,-0.00774898,1.43586,-2.04903e-05,-0.000345917,-0.000581103,-5.06366e-05,0.00379067,-0.00777434,-2.47843e-05
40,1.44987,0.949982,-0.12297,2.04497,-3.37246,-0.0076699,1.43586,-0.00159025,-0.000124254,0.000208592,-6.76966e-09,-0.00345089,-0.00344863,-0.00449477
50,1.44987,0.949792,-0.123016,2.04488,-3.37246,-0.0076699,1.43596,-2.12602e-07,-0.00452795,0.000330917,-0.00466151,-0.000833076,-0.00198959,0.00755419
60,1.44983,0.949493,-0.12297,2.04488,-3.37246,-0.0076699,1.43586,-0.00267602,-0.00460321,0.00310985,-1.8205e-05,0.00197265,-0.000849262,-0.00447475
70,1.44983,0.947023,-0.123837,2.04471,-3.37246,-0.0076699,1.43586,-1.62378e-06,-0.0519019,-0.0364572,-0.000207175,0.00204546,-0.000888796,-0.00219695
80,1.44976,0.939828,-0.12817,2.04437,-3.37262,-0.0076699,1.43606,-0.00314814,-0.119633,-0.0576121,-0.000116772,-0.00586043,-0.00580554,0.0128307
90,1.44961,0.927502,-0.1341,2.04437,-3.37246,-0.00782805,1.43596,-0.00434925,-0.176479,-0.0869775,7.19006e-06,0.00559721,-0.00609157,0.00108837
100,1.44943,0.91113,-0.142447,2.04429,-3.37246,-0.00782805,1.43596,-0.00323948,-0.219878,-0.119371,-5.00349e-06,0.000591369,0.000551697,0.00109288
110,1.44855,0.891338,-0.153895,2.04429,-3.37239,-0.00790712,1.43596,-0.0166627,-0.259889,-0.146243,-6.68921e-10,0.00239066,-0.00239051,0.00304359
120,1.44643,0.870052,-0.168856,2.04429,-3.37254,-0.00790712,1.43596,-0.0368241,-0.267226,-0.207311,-8.94286e-14,-0.00041943,-0.000416264,0.00481484
130,1.44234,0.849228,-0.185778,2.04429,-3.37246,-0.00782805,1.43586,-0.0649036,-0.256013,-0.203038,-1.19558e-17,0.00926103,0.0023772,-0.00339228
140,1.43581,0.829463,-0.202472,2.0442,-3.37262,-0.00782805,1.43586,-0.0893051,-0.242827,-0.207141,-0.00479194,-0.00152657,-0.00152369,-0.000147813
150,1.42722,0.810566,-0.220808,2.0442,-3.3727,-0.00790712,1.43586,-0.116012,-0.231377,-0.243836,0.00368884,-0.00209773,-0.0107247,-0.00441813
160,1.41791,0.792186,-0.2422,2.04411,-3.37286,-0.00743269,1.43596,-0.113973,-0.224155,-0.296926,-4.74041e-05,-0.00100772,0.0126358,0.00235438
170,1.40929,0.774294,-0.268975,2.04411,-3.37318,-0.00727455,1.43596,-0.106176,-0.214458,-0.351276,0.00448105,-0.000589112,-0.00629821,7.67924e-05
180,1.40089,0.756646,-0.298622,2.04411,-3.37326,-0.00719548,1.43586,-0.107789,-0.222051,-0.375753,0.000381229,0.00356124,0.00361028,-0.00498284
190,1.39081,0.739623,-0.32713,2.04411,-3.37349,-0.00711641,1.43586,-0.140237,-0.203302,-0.334589,0.000275998,-0.00336482,0.00337534,-0.00460427
200,1.37846,0.724663,-0.352354,2.04411,-3.37389,-0.00672105,1.43596,-0.164537,-0.174664,-0.289465,0.00398306,-0.0111319,0.00142536,0.0029157
210,1.36389,0.712446,-0.37297,2.04411,-3.37476,-0.00585127,1.43596,-0.196055,-0.137648,-0.232934,3.48548e-06,-0.00753734,0.0115148,0.000733484
220,1.34625,0.702808,-0.389163,2.04411,-3.3761,-0.0046652,1.43586,-0.231493,-0.11066,-0.181937,0.00458884,-0.0260922,0.0144319,-0.00302468
230,1.32624,0.694771,-0.402664,2.04394,-3.3765,-0.00395356,1.43586,-0.264877,-0.0906433,-0.156908,-0.000809216,-0.00394926,0.00591106,-0.0111434
240,1.30286,0.688798,-0.412607,2.04394,-3.37634,-0.0041117,1.43586,-0.31156,-0.0667537,-0.105691,0.00066898,0.00302621,-0.00301257,-0.00573293
250,1.27459,0.685133,-0.418765,2.04394,-3.37618,-0.0041117,1.43586,-0.376799,-0.0309553,-0.0515507,0.000623301,0.000991508,0.00351591,-0.00726994
260,1.2426,0.68402,-0.420635,2.04394,-3.37563,-0.00450706,1.43606,-0.421795,-0.0016359,-0.0023628,-0.000623115,0.0137583,-0.0131489,0.00774069
270,1.20699,0.684047,-0.42068,2.04394,-3.3727,-0.00680012,1.43576,-0.455491,0.000902024,-0.0012427,-0.00164317,0.0544134,-0.0407924,-0.0177263
280,1.16988,0.684047,-0.420589,2.04403,-3.36922,-0.00869783,1.43586,-0.467396,-5.87301e-05,0.000176517,0.00105576,0.0369271,-0.00640902,-0.00586507
290,1.13398,0.683802,-0.420179,2.04403,-3.3561,0.000158142,1.43586,-0.435426,-0.00615546,0.0103412,0.000280354,0.298514,0.221435,-0.00661963
300,1.10143,0.682907,-0.419038,2.04411,-3.32249,0.0192143,1.43596,-0.386339,-0.015092,0.0241091,0.00268125,0.401592,0.227531,0.00650205
310,1.07065,0.680979,-0.416256,2.04531,-3.3013,0.0247493,1.43596,-0.376115,-0.0270605,0.035503,0.0207481,0.261328,-0.0875622,0.00813879
320,1.04263,0.677938,-0.4158,2.05204,-3.28841,0.0298889,1.43596,-0.341949,-0.033934,0.00855823,0.133926,0.0641929,0.0637841,1.33354e-05
330,1.01696,0.674246,-0.414797,2.06474,-3.28904,0.0303633,1.43596,-0.299904,-0.0582872,0.0388304,0.130137,-0.00149976,0.00452347,0.002371
340,0.996211,0.668843,-0.413474,2.06908,-3.28889,0.0316285,1.43596,-0.24136,-0.0797643,0.00267243,0.0679368,0.00703642,0.030707,0.00666155
350,0.97605,0.662245,-0.415253,2.0811,-3.28865,0.0313913,1.43586,-0.279696,-0.0836689,-0.0243819,0.193654,0.00508408,-0.000632196,-0.00193065
360,0.950484,0.653557,-0.416347,2.09985,-3.28644,0.0291773,1.43586,-0.34995,-0.116613,-0.0334809,0.274318,0.0315038,-0.0346369,-0.00559958
370,0.916188,0.644163,-0.419814,2.12942,-3.28636,0.0287819,1.43596,-0.476674,-0.112677,-0.0289762,0.418637,0.00136005,-0.0032988,0.00721177
380,0.875136,0.635855,-0.418445,2.16155,-3.28525,0.0278331,1.43586,-0.520469,-0.102011,0.0228127,0.359778,0.0145209,-0.00951314,0.00557196
390,0.831454,0.627955,-0.419221,2.17928,-3.28525,0.0279912,1.43586,-0.563201,-0.09636,-0.0199691,0.144107,-0.00366647,0.0104871,-0.00408443
400,0.783353,0.621357,-0.418719,2.182,-3.28651,0.0290982,1.43596,-0.628775,-0.0782914,0.0126335,0.000754764,-0.0260115,0.0220248,0.0127987
410,0.733681,0.617339,-0.41881,2.182,-3.28802,0.0304424,1.43586,-0.616505,-0.0255729,0.00568784,1.00905e-07,-0.0151956,0.0172079,-0.0073566
420,0.682877,0.616199,-0.417351,2.18209,-3.29015,0.0324192,1.43596,-0.632777,-0.00334325,0.00596439,0.00105599,-0.0320609,0.0320247,0.00203743
430,0.631708,0.616307,-0.417351,2.1843,-3.29584,0.0381123,1.43586,-0.654316,0.00239926,0.00288886,0.0568581,-0.142734,0.14413,-0.000370527
440,0.579662,0.616416,-0.417442,2.18942,-3.30122,0.0438054,1.43576,-0.657063,0.000902417,-0.00132527,0.0599979,-0.0445065,0.0375572,-0.019271
450,0.524001,0.616525,-0.417533,2.1918,-3.31024,0.0526614,1.43596,-0.713411,0.00321998,0.00104667,-0.00081503,-0.153033,0.152977,0.00711473
460,0.466549,0.616769,-0.417396,2.19163,-3.31632,0.0584336,1.43576,-0.718396,0.0051236,-0.000950846,-0.0072382,-0.0641352,0.0632769,-0.00832727
470,0.411801,0.616959,-0.417442,2.19138,-3.32629,0.0672896,1.43576,-0.666379,0.0058226,0.000173273,-0.0062979,-0.0499729,0.0472811,-0.0122369
480,0.361106,0.617828,-0.417624,2.19112,-3.33514,0.0729827,1.43596,-0.589287,0.00903142,-0.0131219,0.00157744,-0.122055,0.0708248,0.00279932
490,0.317497,0.618479,-0.417898,2.19155,-3.34384,0.0737734,1.43596,-0.523055,0.00187228,-0.00185032,0.0122011,-0.0768871,-0.026318,0.00287073
500,0.279623,0.618588,-0.417989,2.19172,-3.35365,0.0676059,1.43586,-0.447894,0.00135869,0.000475625,-0.00023657,-0.147038,-0.023038,-0.00491449
510,0.246387,0.619783,-0.417624,2.19172,-3.36748,0.0678431,1.43586,-0.396667,0.028429,0.0130196,-3.16272e-08,-0.262364,-0.076984,0.00147486
520,0.217168,0.624154,-0.417031,2.19172,-3.37998,0.059936,1.43596,-0.342726,0.0807656,0.0124259,-2.9533e-06,-0.1122,-0.0491974,0.0029251
530,0.194012,0.633032,-0.410509,2.19206,-3.39279,0.0513963,1.43586,-0.252943,0.147039,0.115385,0.0145293,-0.0806635,-0.0257021,0.00173946
540,0.177759,0.64791,-0.396917,2.19538,-3.39437,0.0509218,1.43586,-0.176775,0.201885,0.20213,0.0685478,-0.0066021,-0.00816706,-0.00707353
550,0.165743,0.666888,-0.376802,2.20382,-3.39429,0.0510009,1.43596,-0.131953,0.251554,0.281648,0.135735,0.00214333,-0.00183502,0.00746509
560,0.155699,0.687332,-0.351943,2.21183,-3.39397,0.0510009,1.43586,-0.119721,0.255953,0.305186,0.0860162,-0.00406477,0.00079044,-0.000318084
570,0.145765,0.705903,-0.32786,2.21456,-3.39389,0.0507637,1.43586,-0.141364,0.218017,0.315181,0.00480472,0.00599246,-0.00590921,-0.00524063
580,0.132945,0.722383,-0.300356,2.21439,-3.39397,0.0510009,1.43576,-0.15992,0.206724,0.352453,-0.00300869,0.00390596,-0.00310288,-0.00689293
590,0.121111,0.738347,-0.273353,2.21439,-3.39397,0.0510009,1.43596,-0.145996,0.198281,0.334717,-4.02235e-07,0.0069359,-0.000104218,0.0042567
600,0.10968,0.752601,-0.249225,2.21447,-3.39421,0.05108,1.43586,-0.144008,0.164907,0.279973,0.000310445,-0.0029598,-0.00194077,-0.000170908
610,0.0986861,0.765144,-0.227787,2.21456,-3.39437,0.0513963,1.43565,-0.133197,0.15363,0.262156,0.00409906,-0.00909769,0.0101076,-0.019807
620,0.0889709,0.776819,-0.207261,2.21524,-3.39429,0.0513172,1.43596,-0.104052,0.143442,0.250822,0.0184224,-0.00163773,-0.00185202,0.00741875
630,0.0825063,0.78814,-0.187876,2.21856,-3.39397,0.0510009,1.43586,-0.0741473,0.139056,0.233733,0.042676,-0.00694113,-0.0119959,-0.00443173
640,0.0768451,0.799543,-0.168446,2.22487,-3.39373,0.0509218,1.43596,-0.0675712,0.143035,0.242462,0.0884304,-0.0047573,-0.00481706,0.00266224
650,0.0718049,0.810322,-0.149881,2.22939,-3.39373,0.0509218,1.43586,-0.0561152,0.126164,0.205827,0.0109424,-0.00449531,-0.00267072,-1.45781e-05
660,0.0669838,0.814693,-0.142264,2.22904,-3.3984,0.0432519,1.43606,-0.0417642,-0.00114657,0.00203923,-0.00261203,-0.1452,-0.149322,0.00311606
670,0.0627471,0.814367,-0.141352,2.22913,-3.39927,0.042224,1.43586,-0.0507794,-0.00438065,0.0245851,1.70154e-06,0.00414153,0.00284966,-0.000841022
680,0.060994,0.814693,-0.140531,2.22921,-3.3988,0.0417496,1.43596,-0.00713297,0.00852952,0.00488207,0.00476603,0.0232634,-0.023257,-0.000870254
690,0.0604827,0.815861,-0.138843,2.22939,-3.39682,0.0399309,1.43596,-0.00897213,0.0127776,0.0193289,1.78519e-05,0.0274485,-0.0254836,0.000414833
700,0.0596061,0.815969,-0.13857,2.2293,-3.39547,0.038903,1.43596,-0.00439271,0.000547794,0.00138327,-1.22071e-05,-0.000208395,0.000547104,0.00184179
710,0.0596061,0.815996,-0.138524,2.2293,-3.39532,0.038903,1.43586,0.000266487,0.000486125,0.00081675,-1.63198e-09,0.00927364,0.00926446,-0.00574604
720,0.0596061,0.815969,-0.13857,2.22921,-3.3954,0.0389821,1.43586,0.000394971,4.2415e-06,-0.000150826,-0.00628702,0.00274407,-0.00141911,-0.00370877
730,0.0596061,0.815942,-0.138615,2.22921,-3.3954,0.0389821,1.43586,1.31858e-06,-0.000137876,-0.000231652,-6.85298e-05,0.000338411,0.0113188,-0.00311738
740,0.0596061,0.815888,-0.138706,2.22921,-3.3954,0.0391402,1.43596,1.26559e-06,-0.0015191,-0.00282548,-2.05438e-05,0.00258618,0.00270328,0.00358335
750,0.0596061,0.815861,-0.138752,2.2293,-3.39547,0.0392193,1.43596,1.69197e-10,-0.000135785,-0.000235867,0.00257654,-0.000693178,-0.000689357,0.00558933
760,0.0596426,0.815698,-0.138934,2.22921,-3.39555,0.0392984,1.43596,0.000317179,-0.00303869,-0.000962235,-1.70605e-06,-0.00593989,0.00572662,0.00537635
770,0.0596792,0.815182,-0.139619,2.22913,-3.39571,0.0397728,1.43586,0.000140649,-0.0144784,-0.021214,-0.00630446,-0.00518158,0.0122055,-0.00513906
780,0.0596792,0.814666,-0.140394,2.22913,-3.39579,0.0401682,1.43586,-4.48426e-05,0.000887389,0.00149342,-8.04842e-06,-0.00059984,0.0111241,-0.00552829
790,0.0597157,0.814313,-0.140622,2.2287,-3.39555,0.0404054,1.43586,0.00204264,-0.00589095,-0.00154169,-0.0105324,-0.003226,0.00661324,-0.00137287
800,0.0596792,0.813879,-0.140987,2.22828,-3.3954,0.0404054,1.43576,-0.00231753,-0.0035492,-0.00598147,-0.000220626,0.00561667,0.00538183,-0.00539511
810,0.0596792,0.813661,-0.141078,2.22819,-3.39547,0.0403263,1.43596,-0.00251672,-0.00105126,-0.00122288,-0.00466149,-0.00575598,-0.00404609,0.00662727
820,0.0596792,0.813634,-0.141124,2.22819,-3.3954,0.0402472,1.43596,-0.00264569,-5.66458e-05,-9.50922e-05,-6.11062e-05,0.00427902,-0.00431843,0.00465994
9,0.0597887,0.552749,-0.141808,2.22785,-3.39547,0.0403263,1.43586,3.4968e-20,-0.350806,0.00236538,-6.24217e-09,-0.00151082,0.00150519,0.00266886
19,0.0597887,0.524567,-0.14199,2.22785,-3.39547,0.0403263,1.43586,4.6749e-24,-0.350291,-0.0107705,0.00181851,-0.000675647,-0.000481002,-0.00264029
29,0.0597887,0.496603,-0.142264,2.22777,-3.39547,0.0403263,1.43586,-0.00159029,-0.350621,-0.001259,-0.000688431,-0.00568528,-0.00452882,-0.00552537
39,0.0597887,0.469045,-0.143131,2.22777,-3.3954,0.0402472,1.43586,-2.12607e-07,-0.337314,-0.0118008,-0.000623249,0.00552034,-0.0056528,0.00389768
49,0.0597887,0.442547,-0.14304,2.22777,-3.39547,0.0403263,1.43596,0.000311949,-0.314914,0.000416727,-8.33227e-08,-0.00577235,0.00227698,0.00682519
59,0.0597887,0.417949,-0.14304,2.22768,-3.3954,0.0404054,1.43596,4.17047e-08,-0.295714,-0.00929774,-0.0040386,0.0057858,0.00586648,0.00220742
69,0.0597887,0.396093,-0.143268,2.22768,-3.39547,0.0403263,1.43576,0.0016085,-0.261498,-0.00260847,-5.06437e-05,-0.00559814,0.00535016,-0.00400726
1,0.0598253,0.280379,-0.143815,2.2276,-3.3954,0.0402472,1.43596,0.000727452,-0.250045,0.0102387,-0.00157135,-0.000595651,-0.011064,0.00652113
11,0.0598253,0.258958,-0.142857,2.2276,-3.39532,0.0403263,1.43596,-0.00065163,-0.282952,0.0217364,-0.000104884,0.00487152,-0.00494889,0.0109956
21,0.0598618,0.234631,-0.141762,2.22768,-3.39547,0.0403263,1.43586,0.00187892,-0.321991,0.0172716,5.21498e-05,-0.00760462,-0.00409264,-0.000200142
31,0.0598618,0.207563,-0.140805,2.22777,-3.39532,0.0403263,1.43576,2.17267e-05,-0.347921,0.00903734,0.00169795,0.00236809,0.00217052,-0.0115549
41,0.0598983,0.179978,-0.138615,2.22777,-3.39532,0.0403263,1.43596,0.00094994,-0.3375,0.0275686,-0.00585391,-0.00054475,-0.00073899,0.00744578
51,0.0600079,0.155814,-0.135057,2.22819,-3.39524,0.0404054,1.43586,0.00157928,-0.27962,0.0534826,0.00847257,0.00253043,-0.000765353,-8.46475e-05
