0.098487   0.1695 0.146673   0.111369 -0.0657843   0.126839 -0.000494659   -0.009233 -0.00523988
0.0993744 0.168891 0.147638   0.111485 -0.0666195   0.126061 -0.000564579 -0.00949571 -0.00546887
0.100262 0.168273 0.148594   0.111592 -0.0674471    0.12528 -0.000636777 -0.00974843 -0.00569662
 0.10115 0.167647 0.149543     0.1117 -0.0682737   0.124499 -0.000710878  -0.0099884 -0.00592125
0.102038 0.167013 0.150483   0.11181 -0.069099   0.12372 -0.000786697  -0.0102161 -0.00614277
0.102926  0.16637 0.151416   0.111914 -0.0699188   0.122938 -0.000864179  -0.0104334 -0.00636204
0.103815 0.165719 0.152341   0.112019 -0.0707373   0.122157 -0.000943039  -0.0106391 -0.00657809
0.104704  0.16506 0.153257   0.112125 -0.0715545   0.121376 -0.00102312  -0.0108336 -0.00679092
0.105593 0.164393 0.154166   0.112226 -0.0723663   0.120593 -0.00110441  -0.0110186 -0.00700129
0.106482 0.163718 0.155067   0.112328 -0.0731767   0.119811 -0.00118663   -0.011193 -0.00720839
0.107371 0.163035  0.15596   0.112431 -0.0739858    0.11903 -0.00126966  -0.0113574 -0.00741224
0.108261 0.162345 0.156845   0.112529 -0.0747895   0.118247 -0.00135349  -0.0115129 -0.00761347
 0.10915 0.161647 0.157722   0.112628 -0.0755918   0.117465  -0.0014379   -0.011659 -0.00781143
 0.11004 0.160941 0.158592   0.112728 -0.0763927   0.116683 -0.00152277   -0.011796 -0.00800617
 0.11093 0.160228 0.159453   0.112823 -0.0771884     0.1159 -0.00160812  -0.0119248 -0.00819819
0.111819 0.159508 0.160307   0.112919 -0.0779826   0.115118 -0.00169373  -0.0120452 -0.00838699
0.112709 0.158781 0.161153   0.113016 -0.0787753   0.114336 -0.00177954  -0.0121573 -0.00857263
0.113599 0.158046 0.161992  0.113108 -0.079563  0.113553 -0.00186554  -0.0122621 -0.00875551
0.114489 0.157304 0.162822   0.113201 -0.0803491    0.11277 -0.00195157  -0.0123592 -0.00893526
0.115379 0.156556 0.163645   0.113295 -0.0811336   0.111988 -0.00203757   -0.012449 -0.00911195
0.116269   0.1558 0.164461   0.113384 -0.0819132   0.111205 -0.00212353  -0.0125321 -0.00928587
 0.11716 0.155038 0.165268   0.113475 -0.0826912   0.110423 -0.00220933  -0.0126083 -0.00945679
 0.11805 0.154268 0.166068   0.113566 -0.0834677   0.109641 -0.00229492   -0.012678 -0.00962478
 0.11894 0.153493 0.166861   0.113652 -0.0842392   0.108858 -0.00238029  -0.0127416 -0.00979003
 0.11983  0.15271 0.167646   0.113739 -0.0850091   0.108076 -0.00246535  -0.0127991 -0.00995243
 0.12072 0.151921 0.168423   0.113827 -0.0857775   0.107295 -0.00255007 -0.0128508 -0.0101121
 0.12161 0.151126 0.169193   0.11391 -0.086541  0.106513 -0.00263441 -0.012897 -0.010269
0.122501 0.150324 0.169956   0.113994 -0.0873029   0.105731 -0.00271834 -0.0129378 -0.0104233
0.123391 0.149515 0.170711    0.11408 -0.0880632    0.10495 -0.00280183 -0.0129734  -0.010575
0.124281 0.148701 0.171458    0.11416 -0.0888187   0.104168 -0.00288483 -0.0130041  -0.010724
0.125171  0.14788 0.172199   0.114241 -0.0895726   0.103387 -0.00296734   -0.01303 -0.0108706
0.126061 0.147053 0.172931  0.114324 -0.090325  0.102607 -0.00304935 -0.0130514 -0.0110149
0.126952  0.14622 0.173657   0.114401 -0.0910725   0.101826 -0.00313078 -0.0130683 -0.0111566
0.127842 0.145381 0.174375    0.11448 -0.0918184   0.101045 -0.00321167 -0.013081 -0.011296
0.128732 0.144535 0.175085   0.114559 -0.0925628   0.100266 -0.00329202 -0.0130899 -0.0114333
0.129622 0.143684 0.175789   0.114634 -0.0933024   0.099485 -0.00337174 -0.0130946 -0.0115682
0.130512 0.142827 0.176485   0.114709 -0.0940404  0.0987053 -0.00345089 -0.0130957  -0.011701
0.131402 0.141964 0.177173   0.114786 -0.0947769  0.0979268 -0.00352949 -0.0130935 -0.0118319
0.132292 0.141095 0.177855   0.114858 -0.0955086  0.0971467 -0.00360741 -0.0130876 -0.0119605
0.133182 0.140221 0.178529   0.114931 -0.0962387  0.0963678 -0.00368477 -0.0130785 -0.0120874
0.134072 0.139341 0.179196   0.115005 -0.0969674  0.0955901 -0.0037616 -0.0130666 -0.0122125
0.134962 0.138455 0.179856   0.115073 -0.0976912  0.0948108 -0.00383771 -0.0130514 -0.0123355
0.135852 0.137563 0.180509   0.115143 -0.0984134  0.0940328 -0.00391329 -0.0130335 -0.0124569
0.136742 0.136666 0.181154   0.115215 -0.0991342  0.0932561 -0.00398837 -0.0130132  -0.012577
0.137631 0.135763 0.181792   0.115281 -0.0998502  0.0924777 -0.00406271 -0.0129899  -0.012695
0.138521 0.134855 0.182423  0.115348 -0.100565 0.0917007 -0.00413657 -0.0129644 -0.0128117
0.139411 0.133941 0.183047  0.115417 -0.101278  0.090925 -0.00420997 -0.0129369 -0.0129273
  0.1403 0.133022 0.183664   0.11548 -0.101986 0.0901476 -0.00428264 -0.0129066 -0.0130409
 0.14119 0.132098 0.184274  0.115544 -0.102692 0.0893715 -0.00435487 -0.0128745 -0.0131535
0.142079 0.131168 0.184877  0.115611 -0.103398  0.088597 -0.00442673 -0.0128409 -0.0132654
0.142969 0.130232 0.185472  0.115671 -0.104098 0.0878206 -0.00449784 -0.0128046 -0.0133753
0.143858 0.129292 0.186061  0.115732 -0.104797 0.0870457 -0.0045686  -0.012767 -0.0134846
0.144747 0.128346 0.186642  0.115796 -0.105494 0.0862723 -0.00463906 -0.0127281 -0.0135934
0.145636 0.127395 0.187216  0.115853 -0.106187  0.085497 -0.00470878 -0.0126869 -0.0137004
0.146525 0.126439 0.187784  0.115912 -0.106878 0.0847232 -0.00477824 -0.0126446  -0.013807
0.147414 0.125478 0.188344  0.115974 -0.107568 0.0839512 -0.00484751 -0.0126014 -0.0139134
0.148303 0.124511 0.188897  0.116028 -0.108252 0.0831769 -0.00491602 -0.0125559 -0.0140181
0.149192  0.12354 0.189444  0.116084 -0.108936 0.0824044 -0.00498439 -0.0125097 -0.0141228
0.150081 0.122563 0.189983  0.116143 -0.109618 0.0816337 -0.00505269  -0.012463 -0.0142277
0.150969 0.121581 0.190515  0.116194 -0.110294 0.0808607 -0.00512022 -0.0124141 -0.0143308
0.151858 0.120595  0.19104  0.116248  -0.11097 0.0800894 -0.00518773 -0.0123647 -0.0144342
0.152746 0.119603 0.191559  0.116304 -0.111644 0.0793202 -0.0052553 -0.0123151 -0.0145382
0.153635 0.118606  0.19207  0.116352 -0.112313 0.0785484 -0.00532208 -0.0122634 -0.0146405
0.154523 0.117605 0.192574  0.116403 -0.112981 0.0777785 -0.00538899 -0.0122115 -0.0147434
0.155411 0.116598 0.193071  0.116457 -0.113648 0.0770108 -0.00545611 -0.0121597 -0.0148474
0.156299 0.115587 0.193562  0.116503 -0.114309 0.0762403 -0.0055224 -0.0121057 -0.0149495
0.157186 0.114571 0.194045  0.116551 -0.114969 0.0754719 -0.00558898 -0.0120518 -0.0150527
0.158074  0.11355 0.194522  0.116603 -0.115628 0.0747059 -0.00565594 -0.0119983 -0.0151573
0.158961 0.112524 0.194991  0.116645 -0.116281 0.0739366 -0.00572202 -0.0119425 -0.0152599
0.159848 0.111494 0.195453   0.11669 -0.116933 0.0731698 -0.00578856 -0.0118871 -0.0153641
0.160735 0.110458 0.195909   0.11674 -0.117584 0.0724055 -0.00585567 -0.0118324 -0.0154702
0.161622 0.109418 0.196357  0.116779 -0.118229 0.0716376 -0.00592182 -0.0117752 -0.0155741
0.162509 0.108373 0.196799  0.116822 -0.118874 0.0708724 -0.00598862 -0.0117187 -0.0156801
0.163395 0.107324 0.197233  0.116869 -0.119517   0.07011 -0.00605622 -0.0116632 -0.0157885
0.164282  0.10627 0.197661  0.116905 -0.120154 0.0693435 -0.00612273  -0.011605 -0.0158944
0.165168 0.105211 0.198082  0.116945 -0.120791   0.06858 -0.00619012 -0.0115477 -0.0160028
0.166054 0.104148 0.198495  0.116991 -0.121427 0.0678197 -0.00625855 -0.0114917 -0.0161143
0.166939  0.10308 0.198902  0.117023 -0.122055 0.0670547 -0.00632572 -0.0114326 -0.0162228
0.167825 0.102007 0.199302   0.11706 -0.122684 0.0662929 -0.00639401 -0.0113749 -0.0163345
 0.16871  0.10093 0.199694  0.117104 -0.123312 0.0655348 -0.00646364 -0.0113187 -0.0164499
 0.169594 0.0998489   0.20008  0.117133 -0.123932 0.0647712 -0.00653177  -0.011259 -0.0165618
 0.170479 0.0987628  0.200459  0.117168 -0.124553 0.0640114 -0.00660131 -0.0112009 -0.0166775
 0.171363 0.0976723   0.20083   0.11721 -0.125173 0.0632556 -0.00667251 -0.0111447 -0.0167977
 0.172247 0.0965773  0.201195  0.117235 -0.125785 0.0624936 -0.00674189 -0.0110845 -0.0169135
0.173131 0.095478 0.201553  0.117267 -0.126398 0.0617358 -0.00681302 -0.0110262  -0.017034
 0.174014 0.0943741  0.201903  0.117307  -0.12701 0.0609826 -0.00688619 -0.0109702 -0.0171598
 0.174897 0.0932659  0.202247  0.117328 -0.127614 0.0602221 -0.00695713 -0.0109095 -0.0172803
  0.17578 0.0921534  0.202583  0.117358 -0.128218 0.0594664 -0.00703019 -0.0108511 -0.0174063
 0.176662 0.0910364  0.202913  0.117397 -0.128823  0.058716 -0.00710575 -0.0107953 -0.0175387
 0.177544 0.0899152  0.203235  0.117414 -0.129418 0.0579571 -0.00717852 -0.0107341 -0.0176644
 0.178426 0.0887897   0.20355  0.117441 -0.130013 0.0572036 -0.00725387 -0.0106755 -0.0177967
 0.179307 0.0876599  0.203858   0.11748 -0.130611 0.0564563 -0.00733225 -0.0106201 -0.0179365
 0.180187 0.0865258  0.204159  0.117491 -0.131196 0.0556989 -0.00740712 -0.0105582  -0.018068
 0.181068 0.0853876  0.204453  0.117516 -0.131784 0.0549478 -0.0074851 -0.0104994 -0.0182073
0.181948 0.084245  0.20474  0.117554 -0.132373 0.0542039 -0.00756677 -0.0104443 -0.0183557
 0.182827 0.0830984   0.20502 0.117561 -0.13295 0.053448 -0.00764397 -0.0103816 -0.0184934
 0.183706 0.0819476  0.205292  0.117582 -0.133528 0.0526994 -0.00772494 -0.0103225 -0.0186405
 0.184584 0.0807925  0.205558  0.117621  -0.13411 0.0519593 -0.00781039 -0.0102677 -0.0187985
 0.185462 0.0796335  0.205816  0.117622 -0.134678 0.0512048 -0.00789014 -0.0102037 -0.0189429
 0.186339 0.0784704  0.206066  0.117641 -0.135248 0.0504588 -0.00797445 -0.0101441 -0.0190984
 0.187216 0.0773031   0.20631   0.11768 -0.135822  0.049723 -0.00806421 -0.0100896 -0.0192671
 0.188093 0.0761318  0.206547  0.117675 -0.136379 0.0489697 -0.00814666 -0.0100241 -0.0194185
 0.188968 0.0749566  0.206776  0.117691 -0.136941 0.0482266 -0.00823465 -0.00996365  -0.0195833
 0.189843 0.0737773  0.206998  0.117732 -0.137507 0.0474955 -0.00832931 -0.00990926   -0.019764
 0.190718 0.0725941  0.207212  0.117719 -0.138054 0.0467433 -0.00841457 -0.00984171  -0.0199226
0.191592 0.071407 0.207419  0.117732 -0.138607 0.0460032 -0.00850659 -0.00978017  -0.0200973
 0.192465 0.0702159  0.207619  0.117777 -0.139166 0.0452775 -0.00860679 -0.00972582  -0.0202914
0.193338 0.069021 0.207812  0.117756 -0.139703  0.044526 -0.00869488 -0.00965561  -0.0204571
 0.194209 0.0678223  0.207997  0.117766 -0.140246 0.0437891 -0.00879126 -0.00959256  -0.0206425
 0.195081 0.0666196  0.208175  0.117815 -0.140798 0.0430697 -0.00889775 -0.00953811  -0.0208516
 0.195951 0.0654133  0.208345  0.117783 -0.141324 0.0423185 -0.00898859 -0.00946454  -0.0210243
 0.196821 0.0642032  0.208508  0.117791 -0.141858  0.041585 -0.00908964 -0.00939952   -0.021221
  0.19769 0.0629893  0.208663  0.117846 -0.142403 0.0408728 -0.00920329 -0.00934486  -0.0214471
 0.198558 0.0617718  0.208811  0.117803 -0.142917 0.0401214 -0.00929665 -0.00926705  -0.0216261
 0.199425 0.0605507  0.208952  0.117807 -0.143442 0.0393915  -0.0094027 -0.00919955  -0.0218348
 0.200292 0.0593257  0.209085  0.117871  -0.14398 0.0386878 -0.00952452 -0.00914457  -0.0220802
 0.201157 0.0580973   0.20921  0.117813 -0.144482 0.0379353 -0.00961999 -0.00906153  -0.0222646
 0.202022 0.0568654  0.209328  0.117815 -0.144997 0.0372092 -0.00973133 -0.00899095   -0.022486
 0.202886 0.0556297  0.209438  0.117892 -0.145529 0.0365156 -0.00986258 -0.00893558  -0.0227534
 0.203749 0.0543908   0.20954  0.117816 -0.146018 0.0357609 -0.00995949 -0.00884613  -0.0229417
 0.204611 0.0531484  0.209635  0.117814 -0.146524 0.0350389  -0.0100764 -0.00877182  -0.0231764
 0.205473 0.0519023  0.209722  0.117907 -0.147051 0.0343574  -0.0102186 -0.00871606  -0.0234693
 0.206332 0.0506531  0.209802  0.117809 -0.147525  0.033599   -0.010316 -0.00861883  -0.0236593
 0.207191 0.0494006  0.209874  0.117805 -0.148021 0.0328813  -0.0104388 -0.00854007  -0.0239078
  0.20805 0.0481444  0.209938   0.11792 -0.148543 0.0322146 -0.0105939  -0.008484 -0.0242307
 0.208907 0.0468854  0.209994  0.117794 -0.149003 0.0314504  -0.0106903 -0.00837739  -0.0244191
 0.209763 0.0456231  0.210042  0.117787 -0.149488 0.0307374  -0.0108191 -0.00829339  -0.0246821
 0.210618 0.0443572  0.210083  0.117932 -0.150008 0.0300888  -0.0109898 -0.00823722  -0.0250406
 0.211472 0.0430886  0.210115   0.11777  -0.15045 0.0293159  -0.0110831 -0.00811937  -0.0252229
0.212324 0.041817  0.21014   0.11776 -0.150925 0.0286079  -0.0112183 -0.00802929   -0.025501
 0.213176 0.0405416  0.210157  0.117945 -0.151444  0.027982  -0.0114077 -0.00797338  -0.0259025
0.214026 0.039264 0.210166  0.117737 -0.151867 0.0271966  -0.0114951 -0.00784215  -0.0260724
 0.214875 0.0379833  0.210167  0.117725 -0.152332 0.0264939  -0.0116368 -0.00774506   -0.026366
0.215724 0.036699  0.21016  0.117964 -0.152852 0.0258967 -0.0118495   -0.00769 -0.0268205
  0.21657 0.0354126  0.210145  0.117696 -0.153254 0.0250936  -0.0119269 -0.00754291   -0.026969
 0.217415 0.0341235  0.210122   0.11768 -0.153708 0.0243965  -0.0120754 -0.00743782  -0.0272788
  0.21826 0.0328305   0.21009  0.117992 -0.154232 0.0238359  -0.0123172 -0.00738441  -0.0277994
 0.219102 0.0315359  0.210051  0.117646  -0.15461 0.0230079  -0.0123791 -0.00721861  -0.0279143
 0.219943 0.0302386  0.210003  0.117628 -0.155053 0.0223171  -0.0125345 -0.00710449  -0.0282407
 0.220785 0.0289375  0.209947  0.118036 -0.155587 0.0218037  -0.0128134 -0.00705381  -0.0288454
 0.221623 0.0276351  0.209883  0.117588 -0.155935 0.0209411  -0.0128521 -0.00686606  -0.0289099
 0.222459 0.0263302  0.209811  0.117566 -0.156368 0.0202569  -0.0130146 -0.00674179  -0.0292533
 0.223297 0.0250213   0.20973  0.118107 -0.156916 0.0198053  -0.0133415 -0.00669521  -0.0299666
 0.224131 0.0237116  0.209641  0.117521  -0.15723 0.0188947  -0.0133466 -0.00648185   -0.029957
 0.224963 0.0223996  0.209545  0.117497 -0.157653 0.0182178  -0.0135163 -0.00634627  -0.0303181
 0.225797 0.0210834  0.209438  0.118216 -0.158224 0.0178476  -0.0139062 -0.00630539  -0.0311733
 0.226626 0.0197669  0.209324  0.117447 -0.158497 0.0168706  -0.0138629 -0.00606241  -0.0310575
 0.227453 0.0184483  0.209203   0.11742  -0.15891 0.0162018    -0.01404 -0.00591428  -0.0314367
 0.228284 0.0171252   0.20907  0.118382 -0.159513 0.0159399  -0.0145136 -0.00588081    -0.03248
 0.229107 0.0158025  0.208932  0.117365 -0.159737 0.0148712  -0.0144015 -0.00560397  -0.0322129
 0.229929 0.0144778  0.208784  0.117336  -0.16014 0.0142114  -0.0145863 -0.00544201   -0.032611
 0.230757 0.0131481  0.208626  0.118629 -0.160791 0.0140949  -0.0151723 -0.00541747  -0.0339063
 0.231576 0.0118197  0.208462  0.117276 -0.160952 0.0128995  -0.0149633 -0.00510257  -0.0334254
 0.232392 0.0104895  0.208289  0.117246 -0.161348 0.0122499   -0.015156 -0.00492542  -0.0338433
  0.233217 0.00915371   0.208104  0.118993 -0.162065 0.0123304  -0.0158942 -0.00491062  -0.0354797
   0.23403 0.00782008   0.207914  0.117182 -0.162149 0.0109595  -0.0155491 -0.00455405   -0.034698
  0.234841 0.00648489   0.207715  0.117149 -0.162539 0.0103218  -0.0157501 -0.00436027  -0.0351367
  0.235664 0.00514327   0.207503  0.119523 -0.163348 0.0106707  -0.0166965 -0.00435426  -0.0372389
  0.236471 0.00380495   0.207287   0.117082  -0.163336 0.00905643  -0.0161604 -0.00395397  -0.0360344
  0.237277 0.00246524   0.207062   0.117048  -0.163721 0.00843296  -0.0163703 -0.00374202  -0.0364958
  0.238098 0.00111805   0.206822   0.120287  -0.164659 0.00915067  -0.0176033 -0.00374036  -0.0392387
      0.2389 -0.000224514      0.20658   0.116978  -0.164523 0.00719783  -0.0167993 -0.00329754  -0.0374407
   0.239699 -0.00156832    0.206329   0.116943   -0.16491 0.00659181  -0.0170192 -0.00306572  -0.0379273
   0.240521 -0.00292097    0.206059   0.121385  -0.166024 0.00781931  -0.0186494 -0.00305749  -0.0415577
   0.241316 -0.00426745    0.205791    0.11687  -0.165731 0.00539418  -0.0174695 -0.00257946  -0.0389256
   0.242109 -0.00561506    0.205514  0.116834 -0.166125 0.0048102   -0.017701 -0.00232582  -0.0394414
   0.242934 -0.00697324    0.205213   0.122957  -0.167483 0.00674699  -0.0198848 -0.00228866  -0.0443089
   0.243722 -0.00832348    0.204919   0.116759  -0.166987 0.00366049  -0.0181766 -0.00179353  -0.0405027
   0.244509 -0.00967481    0.204615   0.116722    -0.1674 0.00310517  -0.0184221 -0.00151574  -0.0410538
  0.245339 -0.0110388   0.204282   0.125204  -0.169094 0.00603496  -0.0213819 -0.00140762   -0.047656
 0.246121 -0.012393  0.203961   0.116645  -0.168335 0.00201851   -0.0189295 -0.000932171   -0.0421931
    0.2469 -0.0137482    0.20363   0.116607  -0.168783 0.00150144    -0.019193 -0.000627167    -0.042789
  0.247742 -0.0151188   0.203262   0.128418  -0.170942 0.00583019  -0.0232462 -0.00037297  -0.0518372
  0.248516 -0.0164774   0.202914   0.116528  -0.169841 0.00049993  -0.0197423 1.46653e-05  -0.0440297
  0.249288 -0.0178373   0.202557     0.11649   -0.170348 3.51855e-05  -0.0200302 0.000351117  -0.0446852
  0.250147 -0.0192155    0.20215   0.133026   -0.17315 0.00634789  -0.0256325 0.000881695  -0.0572025
  0.250913 -0.0205798   0.201775     0.116409    -0.171603 -0.000848516 -0.0206375 0.00106119 -0.0460639
 0.251676 -0.021946   0.20139    0.11637  -0.172209 -0.0012401 -0.0209596 0.0014354 -0.046802
  0.252563 -0.0233335   0.200939   0.139659  -0.175905 0.00790674   -0.02877 0.00246417  -0.064271
  0.253321 -0.0247059   0.200537    0.116285   -0.173775 -0.00195722 -0.0216503 0.00222884 -0.0483762
 0.254074 -0.026081  0.200125    0.116245   -0.174539 -0.00224436 -0.0220223  0.0026507 -0.0492333
  0.255004 -0.0274805   0.199622  0.149264 -0.179487 0.0109856 -0.0330026 0.00455152 -0.0738229
  0.255751 -0.0288648   0.199192    0.116157   -0.176594 -0.00272092 -0.0228368 0.00355163 -0.0510944
  0.256494 -0.0302534   0.198752    0.116114   -0.177608 -0.00285574 -0.0232838 0.00403739 -0.0521286
  0.257489 -0.0316685   0.198186  0.163291 -0.184325 0.0163181 -0.0388554 0.00743889 -0.0870524
  0.258223 -0.0330713   0.197727     0.11602   -0.180431 -0.00297711 -0.0242875 0.00508589 -0.0544239
  0.258952 -0.0344807   0.197258   0.115975  -0.181847 -0.0028844 -0.0248503 0.00566325 -0.0557303
  0.260047 -0.0359164   0.196612  0.184023 -0.191093 0.0250592 -0.047151 0.0116285 -0.105835
  0.260765 -0.0373481   0.196122    0.115873   -0.185889 -0.00246787 -0.0261512 0.00692841 -0.0587026
  0.261476 -0.0387906   0.195623    0.115824   -0.187959 -0.00202497 -0.0268987 0.00764659 -0.0604411
  0.262724 -0.0402537    0.19487  0.215185 -0.200892 0.0390934 -0.059224 0.0180009 -0.133219
   0.26342 -0.0417316   0.194347     0.115713    -0.193979 -0.000767815 -0.0286809 0.00925248 -0.0645051
  0.264107 -0.0432271   0.193814    0.115657   -0.197143 0.000235765 -0.0297342  0.0102033 -0.0669579
  0.265594 -0.0447266   0.192912  0.263164 -0.215607 0.0616554 -0.0773475 0.0281695 -0.174413
   0.26626 -0.0462794   0.192352   0.115533  -0.206482 0.00286217 -0.0323278  0.0123842 -0.0728556
  0.266912 -0.0478619   0.191778   0.115467  -0.211569 0.00481439 -0.0339151  0.0137509 -0.0765554
  0.268784 -0.0494092   0.190656   0.33971 -0.238702 0.0986976 -0.105669 0.0452887  -0.23894
  0.269403 -0.0510875   0.190048   0.115327   -0.22677 0.00980174 -0.0379537  0.0169805 -0.0857086
  0.270001 -0.0528182   0.189422  0.115244 -0.235499 0.0134918 -0.0405481   0.019165 -0.0917623
   0.27253 -0.0544266   0.187953  0.468658 -0.277197  0.162307 -0.152529 0.0761421 -0.345997
  0.273072 -0.0563258   0.187279  0.115087  -0.26189 0.0228957 -0.0473744 0.0244978 -0.107173
  0.273575 -0.0583246   0.186574  0.114973 -0.278364 0.0301697 -0.0521024 0.0285144 -0.118222
  0.277323 -0.0600041   0.184499  0.705846 -0.347521   0.28083 -0.237257  0.137581 -0.540191
  0.277722 -0.0623256   0.183713  0.114806 -0.328851 0.0489084 -0.0650077 0.0386552 -0.147194
  0.278037 -0.0648653   0.182866  0.114627 -0.365128 0.0650739 -0.0751757 0.0476699    -0.171
  0.284431 -0.0665893   0.179558   1.21498 -0.497807  0.537466 -0.415756  0.282309 -0.950947
  0.284513 -0.0698491   0.178535  0.114512 -0.478699  0.107751  -0.10425  0.071226 -0.235576
  0.284359 -0.0737304   0.177335   0.11416 -0.584422  0.154068 -0.133469 0.0992518 -0.304052
  0.298632 -0.0751536    0.17063    2.7109 -0.938077   1.29592 -0.926712 0.760186 -2.13413
   0.29777 -0.0811814   0.168907   0.11486 -0.927011  0.280602 -0.222635  0.173534 -0.495952
  0.295674 -0.0903257   0.166192 0.113983 -1.48242 0.513741 -0.376043  0.339382 -0.853058
  0.366191 -0.0841786   0.139053  13.0588 -3.97623  6.56081 -4.24415  4.74462 -9.95326
  0.364942 -0.0930166    0.13672  0.18261 -1.32721 0.370075 -0.338658  0.222463 -0.661714
 0.362772 -0.103963  0.133412 0.211465 -1.75432 0.547621 -0.482797  0.386055 -0.961045
  0.417722 -0.0965747   0.110183  10.8795 -3.10296  5.30346 -4.01063  4.02645 -8.20712
  0.41912 -0.097427  0.109098   0.217804  -0.135793 -0.0570009 -0.0431168  0.0292664 -0.0785969
  0.420543 -0.0981674   0.108037   0.216711  -0.119274 -0.0618602 -0.0388769  0.0267164 -0.0708064
  0.431285 -0.0972894   0.102466   2.20487 -0.488508  0.871988 -0.862024 0.598266 -1.56832
  0.432855 -0.0973829   0.101553   0.207887 -0.0192977 -0.0934058 -0.0116173 0.00760849 -0.0207684
  0.434437 -0.0974185   0.100652   0.206662 -0.0103231 -0.0964967 -0.00899565 0.00586949 -0.0160466
   0.44303 -0.0966505  0.0961035   1.75676 -0.347199   0.64631 -0.682624 0.443196 -1.21492
  0.444622 -0.0963424  0.0950252  0.198961 0.0385141 -0.114025 1.54978e-312 1.75004e-305   -0.0207684
 0.446203 -0.096552 0.0930722   0.19768 0.0442723 -0.116152 1.75015e-305 -0.0704751   -0.12797
   0.45383 -0.0958096  0.0889755  1.55963 -0.28166 0.548935 -0.606231 0.374469 -1.06102
   0.45535 -0.0951831  0.0877871  0.189963 0.0783057 -0.127781 1.54978e-312 1.75004e-305   -0.0207684
   0.45686 -0.0950861  0.0857265  0.188706 0.0825986 -0.129604 1.75015e-305 -0.0704751   -0.12797
  0.464039 -0.0943801  0.0818015   1.47742 -0.251136  0.509448 -0.580048  0.33939 -1.00008
  0.465487 -0.0934921  0.0805169  0.181056  0.111006 -0.139798 1.54978e-312 1.75004e-305   -0.0207684
  0.466925 -0.0931366  0.0783587  0.179788  0.114905 -0.141804 1.75015e-305 -0.0704751   -0.12797
  0.473927 -0.0924879  0.0744498  1.45715  -0.2397 0.500712 -0.581922  0.320794 -0.989333
  0.475301 -0.0913569  0.0730635  0.171726   0.14137 -0.152511 1.54978e-312 1.75004e-305   -0.0207684
  0.476664 -0.0907581  0.0707993  0.170356  0.145319 -0.155066 1.75015e-305 -0.0704751   -0.12797
  0.483609 -0.0901956  0.0668313   1.46493 -0.237759  0.505118 -0.596824 0.308075 -1.00112
  0.484899 -0.0888315  0.0653253  0.161268  0.170519 -0.167471 1.54978e-312 1.75004e-305   -0.0207684
  0.486176 -0.0880006  0.0629352  0.159659  0.174332 -0.170802 1.75015e-305 -0.0704751   -0.12797
  0.493016 -0.0875524  0.0589333   1.45995 -0.234553  0.501458 -0.604963 0.290573 -1.00169
  0.494208 -0.0859876  0.0572894  0.149037  0.195604 -0.184723 1.54978e-312 1.75004e-305   -0.0207684
 0.495385 -0.084965 0.0547566  0.147101  0.198306 -0.188627 1.75015e-305 -0.0704751   -0.12797
  0.501882 -0.0846364  0.0508725   1.39321 -0.217429  0.464836 -0.581104  0.258498 -0.950351
  0.502964 -0.0829486  0.0490928  0.135293   0.21098 -0.201696 1.54978e-312 1.75004e-305   -0.0207684
   0.50403 -0.0818206  0.0464258 0.133174 0.211476 -0.20541 1.75015e-305 -0.0704751   -0.12797
   0.50988 -0.0815771  0.0428687   1.24533 -0.181134  0.386556 -0.514062  0.211574 -0.831187
  0.510853 -0.0798642  0.0409846  0.121615  0.214106 -0.214749 1.54978e-312 1.75004e-305   -0.0207684
   0.51181 -0.0787286  0.0382202  0.119624  0.212423 -0.217577 1.75015e-305 -0.0704751   -0.12797
  0.516869 -0.0785169  0.0351092   1.05522 -0.134999  0.287937 -0.422818  0.161461 -0.676815
 0.517745 -0.076849 0.0331622  0.109567  0.208488 -0.222605 1.54978e-312 1.75004e-305   -0.0207684
  0.518609 -0.0757684  0.0303429  0.107891  0.205555 -0.224446 1.75015e-305 -0.0704751   -0.12797
  0.522932 -0.0755501  0.0276664   0.874614 -0.0916414   0.195767 -0.334184  0.118932 -0.530322
 0.523729 -0.073957  0.025689 0.0996022  0.199135 -0.226405 1.54978e-312 1.75004e-305   -0.0207684
  0.524515 -0.0729545  0.0228452 0.0982468  0.195791 -0.227505 1.75015e-305 -0.0704751   -0.12797
  0.528239 -0.0727122  0.0205313   0.725991 -0.0564782   0.121093 -0.260509 0.0867659 -0.410334
   0.52897 -0.0711992  0.0185433 0.0914317  0.189122 -0.227727 1.54978e-312 1.75004e-305   -0.0207684
  0.529693 -0.0702765  0.0156928 0.0903319   0.18581 -0.228348 1.75015e-305 -0.0704751   -0.12797
  0.532949 -0.0700054   0.013665   0.609642 -0.0294731  0.0635662 -0.202594  0.063354 -0.317036
  0.533626 -0.0685678  0.0116774 0.0846143  0.179709 -0.227682 1.54978e-312 1.75004e-305   -0.0207684
  0.534296 -0.0677188 0.00882961 0.0837009  0.176599 -0.228007 1.75015e-305 -0.0704751   -0.12797
  0.537188 -0.0674196 0.00702582    0.519087 -0.00895278   0.0195489 -0.157486 0.0463454 -0.245022
  0.537819 -0.0660497 0.00504441 0.0787834  0.171242 -0.226908 1.54978e-312 1.75004e-305   -0.0207684
  0.538443 -0.0652665 0.00220424 0.0780038  0.168375 -0.227051 1.75015e-305 -0.0704751   -0.12797
   0.541049  -0.0649418 0.000577601   0.447757 0.00675009 -0.0144933 -0.122012 0.0338409 -0.188837
   0.541638  -0.0636321 -0.00139455 0.0736776 0.163713 -0.22575 1.54978e-312 1.75004e-305   -0.0207684
   0.542222  -0.0629073 -0.00422453 0.0729952  0.161077 -0.225777 1.75015e-305 -0.0704751   -0.12797
   0.544597  -0.0625598 -0.00570866   0.390551  0.0189241 -0.0412621 -0.0936567 0.0245038 -0.144254
    0.54515  -0.0613038 -0.00766994  0.069118  0.157003 -0.224391 1.54978e-312 1.75004e-305   -0.0207684
  0.545698 -0.0606311 -0.0104884 0.0685081  0.154569 -0.224342 1.75015e-305 -0.0704751   -0.12797
  0.547884 -0.0602637 -0.0118558   0.343781  0.0284971 -0.0626892 -0.0705807 0.0174263 -0.108226
  0.548404 -0.0590559 -0.0138053 0.0649821  0.150976 -0.222927 1.54978e-312 1.75004e-305   -0.0207684
  0.548919   -0.05843 -0.0166117 0.0644281  0.148712 -0.222825 1.75015e-305 -0.0704751   -0.12797
  0.550946  -0.058045 -0.0178815   0.304833  0.0361261 -0.0801367 -0.0514703   0.011992 -0.0785916
  0.551435  -0.056881 -0.0198189 0.0611848  0.145504 -0.221409 1.54978e-312 1.75004e-305   -0.0207684
  0.551921 -0.0562977 -0.0226128 0.0606753  0.143382 -0.221268 1.75015e-305 -0.0704751   -0.12797
  0.553813 -0.0558973 -0.0237999   0.271842  0.0422775 -0.0945695 -0.0353847 0.00777701 -0.0538158
  0.554274 -0.0547734  -0.025725 0.0576657  0.140483 -0.219864 1.54978e-312 1.75004e-305   -0.0207684
  0.554731 -0.0542294 -0.0285063 0.0571928  0.138475 -0.219695 1.75015e-305 -0.0704751   -0.12797
  0.556506 -0.0538153 -0.0296221  0.243467 0.0472853  -0.10668 -0.0216434 0.00448434 -0.0327928
  0.556941 -0.0527287 -0.0315347  0.054381  0.135822 -0.218307 1.54978e-312 1.75004e-305   -0.0207684
  0.557373 -0.0522213 -0.0343033  0.053939  0.133907 -0.218114 1.75015e-305 -0.0704751   -0.12797
  0.559044 -0.0517949 -0.0353569  0.218728 0.0513907 -0.116974 -0.00974791 0.00190222 -0.0147161
  0.559455 -0.0507433  -0.037257 0.0512978   0.13145 -0.216744 1.54978e-312 1.75004e-305   -0.0207684
  0.559862 -0.0502703  -0.040013 0.0508827  0.129607 -0.216532 1.75015e-305 -0.0704751   -0.12797
  0.561437 -0.0498321 -0.0410195  0.196897 0.0547687 -0.125821 1.76766e-266 1.76766e-266 5.09279e-313
  0.561824 -0.0488137 -0.0429071 0.0483966  0.127301 -0.215171 1.54978e-312 1.75004e-305   -0.0207684
  0.562208 -0.0483734 -0.0456504 0.0480051  0.125512 -0.214943 1.75015e-305 -0.0704751   -0.12797
  0.563628  -0.047913 -0.0467184  0.177415 0.0575506 -0.133507 1.76766e-266 1.76766e-266 5.09279e-313
  0.563993 -0.0469269 -0.0485925 0.0457296  0.123265 -0.213492 1.54978e-312 1.75004e-305   -0.0207684
  0.564356 -0.0465186 -0.0513223 0.0453581 0.121511 -0.21325 1.75015e-305 -0.0704751   -0.12797
  0.565634 -0.0460395 -0.0524447  0.159678 0.0598938 -0.140301 1.76766e-266 1.76766e-266 5.09279e-313
   0.56598 -0.0450852 -0.0543045 0.0432715  0.119282 -0.211709 1.54978e-312 1.75004e-305   -0.0207684
  0.566323 -0.0447086 -0.0570199 0.0429167  0.117545 -0.211454 1.75015e-305 -0.0704751   -0.12797
   0.56747  -0.044214 -0.0581907   0.14341 0.0618334 -0.146346 1.76766e-266 1.76766e-266 5.09279e-313
  0.567798 -0.0432916 -0.0600355 0.0409994  0.115299 -0.209831 1.54978e-312 1.75004e-305   -0.0207684
  0.568124 -0.0429469 -0.0627357 0.0406573  0.113559 -0.209562 1.75015e-305 -0.0704751   -0.12797
  0.569151 -0.0424399 -0.0639496  0.128409 0.0633716  -0.15174 1.76766e-266 1.76766e-266 5.09279e-313
  0.569462 -0.0415499 -0.0657787 0.0388903  0.111257 -0.207861 1.54978e-312 1.75004e-305   -0.0207684
  0.569771 -0.0412377  -0.068463 0.0385567   0.10949 -0.207577 1.75015e-305 -0.0704751   -0.12797
  0.570687 -0.0407219 -0.0697154  0.114536 0.0644834 -0.156542 1.76766e-266 1.76766e-266 5.09279e-313
  0.570982 -0.0398651 -0.0715279 0.0369204 0.107093  -0.2058 1.54978e-312 1.75004e-305   -0.0207684
  0.571275 -0.0395867 -0.0741956   0.03659  0.105277 -0.205495 1.75015e-305 -0.0704751   -0.12797
  0.572088 -0.0390657 -0.0754819  0.101692 0.0651275 -0.160782 1.76766e-266 1.76766e-266 5.09279e-313
  0.572369 -0.0382437 -0.0772772 0.0350649  0.102746 -0.203639 1.54978e-312 1.75004e-305   -0.0207684
  0.572647 -0.0380006 -0.0799274 0.0347329  0.100864 -0.203306 1.75015e-305 -0.0704751   -0.12797
  0.573365 -0.0374785 -0.0812431 0.0898147 0.0652632 -0.164464 1.76766e-266 1.76766e-266 5.09279e-313
  0.573632 -0.0366931 -0.0830202 0.0333013 0.0981788 -0.201368 1.54978e-312 1.75004e-305   -0.0207684
  0.573895 -0.0364871 -0.0856519 0.0329641 0.0962251    -0.201 1.75015e-305 -0.0704751   -0.12797
  0.574526 -0.0359681 -0.0869926  0.078875 0.0648763 -0.167579 1.76766e-266 1.76766e-266 5.09279e-313
  0.574779 -0.0352209 -0.0887505 0.0316141 0.0934007 -0.198979 1.54978e-312 1.75004e-305   -0.0207684
   0.57503 -0.0350536 -0.0913629 0.0312716 0.0913893  -0.19857 1.75015e-305 -0.0704751   -0.12797
  0.575581 -0.0345415 -0.0927238 0.0688682 0.0640042 -0.170113 1.76766e-266 1.76766e-266 5.09279e-313
  0.575821 -0.0338337 -0.0944617 0.0300007 0.0884851 -0.196471 1.54978e-312 1.75004e-305   -0.0207684
  0.576058 -0.0337058 -0.0970536 0.0296581 0.0864524 -0.196022 1.75015e-305 -0.0704751   -0.12797
  0.576536 -0.0332038 -0.0984302 0.0598067 0.0627507 -0.172068 1.76766e-266 1.76766e-266 5.09279e-313
  0.576764 -0.0325352  -0.100147 0.0284759 0.0835739 -0.193863 1.54978e-312 1.75004e-305   -0.0207684
  0.576989 -0.0324464  -0.102718 0.0281435 0.0815743 -0.193381 1.75015e-305 -0.0704751   -0.12797
  0.577403 -0.0319562  -0.104106 0.0517063 0.0612781 -0.173472 1.76766e-266 1.76766e-266 5.09279e-313
  0.577619 -0.0313254  -0.105802   0.02707 0.0788536 -0.191193 1.54978e-312 1.75004e-305   -0.0207684
  0.577834 -0.0312736  -0.108351 0.0267619 0.0769478  -0.19069 1.75015e-305 -0.0704751   -0.12797
   0.57819 -0.0307954  -0.109746 0.0445712 0.0597754 -0.174381 1.76766e-266 1.76766e-266 5.09279e-313
  0.578397 -0.0301993   -0.11142 0.0258222 0.0745125  -0.18851 1.54978e-312 1.75004e-305   -0.0207684
  0.578601 -0.0301811  -0.113948 0.0255531 0.0727521 -0.188003 1.75015e-305 -0.0704751   -0.12797
  0.578908 -0.0297138  -0.115347 0.0383822 0.0584136 -0.174874 1.76766e-266 1.76766e-266 5.09279e-313
  0.579106 -0.0291482     -0.117 0.0247696 0.0706935  -0.18587 1.54978e-312 1.75004e-305   -0.0207684
  0.579303 -0.0291592  -0.119507  0.024551  0.069109 -0.185375 1.75015e-305 -0.0704751   -0.12797
  0.579567 -0.0287007  -0.120907 0.0330924 0.0573064  -0.17504 1.76766e-266 1.76766e-266 5.09279e-313
 0.579759 -0.028161  -0.12254 0.0239361 0.0674613  -0.18332 1.54978e-312 1.75004e-305   -0.0207684
  0.579949 -0.0281964  -0.125026 0.0237742 0.0660561 -0.182851 1.75015e-305 -0.0704751   -0.12797
  0.580178 -0.0277445  -0.126426 0.0286289 0.0564887 -0.174963 1.76766e-266 1.76766e-266 5.09279e-313
  0.580365 -0.0272261  -0.128039 0.0233258 0.0647918 -0.180895 1.54978e-312 1.75004e-305   -0.0207684
  0.580551 -0.0272816  -0.130507 0.0232194 0.0635431 -0.180462 1.75015e-305 -0.0704751   -0.12797
   0.58075 -0.0268343  -0.131904 0.0249003 0.0559158 -0.174712 1.76766e-266 1.76766e-266 5.09279e-313
  0.580933 -0.0263336    -0.1335 0.0229195 0.0625813 -0.178616 1.54978e-312 1.75004e-305   -0.0207684
  0.581116 -0.0264059  -0.135949   0.02286 0.0614449 -0.178228 1.75015e-305 -0.0704751   -0.12797
  0.58129 -0.025962 -0.137344 0.0218052 0.0554763 -0.174343 1.76766e-266 1.76766e-266 5.09279e-313
  0.581472 -0.0254767  -0.138922 0.0226751 0.0606659 -0.176497 1.54978e-312 1.75004e-305   -0.0207684
  0.581653 -0.0255639  -0.141355  0.022647 0.0595814 -0.176163 1.75015e-305 -0.0704751   -0.12797
  0.581807 -0.0251238  -0.142746 0.0192409 0.0550092 -0.173903 1.76766e-266 1.76766e-266 5.09279e-313
  0.581987 -0.0246531  -0.144309 0.0225287 0.0588402 -0.174557 1.54978e-312 1.75004e-305   -0.0207684
 0.582167 -0.024755 -0.146727 0.0225085 0.0577348 -0.174287 1.75015e-305 -0.0704751   -0.12797
  0.582304 -0.0243205  -0.148114 0.0171102 0.0543168 -0.173428 1.76766e-266 1.76766e-266 5.09279e-313
  0.582483 -0.0238655  -0.149663 0.0223928 0.0568708 -0.172815 1.54978e-312 1.75004e-305   -0.0207684
 0.582662 -0.023984 -0.152068 0.0223476 0.0556626 -0.172621 1.75015e-305 -0.0704751   -0.12797
  0.582785 -0.0235586  -0.153451 0.0153245 0.0531748 -0.172936 1.76766e-266 1.76766e-266 5.09279e-313
  0.582962 -0.0231225  -0.154988 0.0221517 0.0545125 -0.171283 1.54978e-312 1.75004e-305   -0.0207684
  0.583138 -0.0232613  -0.157381 0.0220376 0.0531206  -0.17116 1.75015e-305 -0.0704751   -0.12797
  0.583249 -0.0228505   -0.15876 0.0138033 0.0513586 -0.172384 1.76766e-266 1.76766e-266 5.09279e-313
  0.583422 -0.0224381  -0.160285 0.0216625  0.051551 -0.169911 1.54978e-312 1.75004e-305   -0.0207684
  0.583593 -0.0226025  -0.162667 0.0214291 0.0499235 -0.169817 1.75015e-305 -0.0704751   -0.12797
  0.583693 -0.0222127   -0.16404 0.0124695 0.0487153 -0.171614 1.76766e-266 1.76766e-266 5.09279e-313
  0.583859 -0.0218296  -0.165555  0.020779 0.0478973 -0.168525 1.54978e-312 1.75004e-305   -0.0207684
  0.584022 -0.0220249  -0.167925 0.0203866 0.0460543 -0.168361 1.75015e-305 -0.0704751   -0.12797
  0.584112 -0.0216627  -0.169288 0.0112467 0.0452821 -0.170331 1.76766e-266 1.76766e-266 5.09279e-313
